# time	B0_r_i(1)	B0_r_i(2)	B0_r_i(3)	0_A_i(1,1)	0_A_i(1,2)	0_A_i(1,3)	0_A_i(2,1)	...
0.000000	0.000000	0.000000	0.000000	0.894447	0.447173	0.000000	-0.447173	0.894447	0.000000	0.000000	0.000000	1.000000	0.000000	0.000000	0.000000	0.526908	-0.722775	-0.447173	-0.263424	0.361347	-0.894447	0.808069	0.589088	0.000000	0.096951	-0.048470	0.148685	0.893390	0.043490	0.447173	-0.446644	-0.021742	0.894447	0.048622	-0.998817	-0.000000	0.197494	-0.098736	-0.042075	0.893390	-0.447173	0.043490	-0.446644	-0.894447	-0.021742	0.048622	0.000000	-0.998817	0.197494	-0.098736	-0.042075	0.893390	0.043490	0.447173	-0.446644	-0.021742	0.894447	0.048622	-0.998817	-0.000000	0.200017	-0.099997	-0.100007	0.893390	-0.447173	0.043490	-0.446644	-0.894447	-0.021742	0.048622	0.000000	-0.998817	
0.001000	0.000000	0.000000	0.000000	0.894447	0.447173	0.000000	-0.447173	0.894447	0.000000	0.000000	0.000000	1.000000	0.000000	0.000000	0.000000	0.526908	-0.722775	-0.447173	-0.263424	0.361347	-0.894447	0.808069	0.589088	0.000000	0.096951	-0.048470	0.148685	0.893390	0.043490	0.447173	-0.446644	-0.021742	0.894447	0.048622	-0.998817	-0.000000	0.197494	-0.098736	-0.042075	0.893390	-0.447173	0.043490	-0.446644	-0.894447	-0.021742	0.048622	0.000000	-0.998817	0.197494	-0.098736	-0.042075	0.893390	0.043490	0.447173	-0.446644	-0.021742	0.894447	0.048622	-0.998817	-0.000000	0.200017	-0.099997	-0.100007	0.893390	-0.447173	0.043490	-0.446644	-0.894447	-0.021742	0.048622	0.000000	-0.998817	
0.002000	0.000000	0.000000	0.000000	0.894447	0.447173	0.000000	-0.447173	0.894447	0.000000	0.000000	0.000000	1.000000	0.000000	0.000000	0.000000	0.526908	-0.722775	-0.447173	-0.263424	0.361347	-0.894447	0.808069	0.589088	0.000000	0.096951	-0.048470	0.148685	0.893390	0.043490	0.447173	-0.446644	-0.021742	0.894447	0.048622	-0.998817	-0.000000	0.197494	-0.098736	-0.042075	0.893390	-0.447173	0.043490	-0.446644	-0.894447	-0.021742	0.048622	0.000000	-0.998817	0.197494	-0.098736	-0.042075	0.893390	0.043490	0.447173	-0.446644	-0.021742	0.894447	0.048622	-0.998817	-0.000000	0.200017	-0.099997	-0.100007	0.893390	-0.447173	0.043490	-0.446644	-0.894447	-0.021742	0.048622	0.000000	-0.998817	
0.003000	0.000000	0.000000	0.000000	0.894446	0.447176	0.000000	-0.447176	0.894446	0.000000	0.000000	0.000000	1.000000	0.000000	0.000000	0.000000	0.526943	-0.722748	-0.447176	-0.263444	0.361336	-0.894446	0.808040	0.589128	0.000000	0.096958	-0.048474	0.148679	0.893385	0.043545	0.447176	-0.446646	-0.021770	0.894446	0.048683	-0.998814	-0.000000	0.197511	-0.098745	-0.042074	0.893385	-0.447176	0.043545	-0.446646	-0.894446	-0.021770	0.048683	0.000000	-0.998814	0.197511	-0.098745	-0.042074	0.893385	0.043545	0.447176	-0.446646	-0.021770	0.894446	0.048683	-0.998814	-0.000000	0.200037	-0.100008	-0.100005	0.893385	-0.447176	0.043545	-0.446646	-0.894446	-0.021770	0.048683	0.000000	-0.998814	
0.004000	0.000000	0.000000	0.000000	0.894442	0.447184	0.000000	-0.447184	0.894442	0.000000	0.000000	0.000000	1.000000	0.000000	0.000000	0.000000	0.526962	-0.722729	-0.447184	-0.263460	0.361335	-0.894442	0.808022	0.589152	0.000000	0.096961	-0.048477	0.148676	0.893379	0.043585	0.447184	-0.446653	-0.021791	0.894442	0.048729	-0.998812	-0.000000	0.197522	-0.098753	-0.042072	0.893379	-0.447184	0.043585	-0.446653	-0.894442	-0.021791	0.048729	0.000000	-0.998812	0.197522	-0.098753	-0.042072	0.893379	0.043585	0.447184	-0.446653	-0.021791	0.894442	0.048729	-0.998812	-0.000000	0.200050	-0.100017	-0.100003	0.893379	-0.447184	0.043585	-0.446653	-0.894442	-0.021791	0.048729	0.000000	-0.998812	
0.005000	0.000000	0.000000	0.000000	0.894436	0.447196	0.000000	-0.447196	0.894436	0.000000	0.000000	0.000000	1.000000	0.000000	0.000000	0.000000	0.526979	-0.722710	-0.447196	-0.263476	0.361337	-0.894436	0.808006	0.589174	0.000000	0.096964	-0.048480	0.148673	0.893371	0.043628	0.447196	-0.446664	-0.021813	0.894436	0.048777	-0.998810	-0.000000	0.197532	-0.098761	-0.042070	0.893371	-0.447196	0.043628	-0.446664	-0.894436	-0.021813	0.048777	0.000000	-0.998810	0.197532	-0.098761	-0.042070	0.893371	0.043628	0.447196	-0.446664	-0.021813	0.894436	0.048777	-0.998810	-0.000000	0.200063	-0.100026	-0.100001	0.893371	-0.447196	0.043628	-0.446664	-0.894436	-0.021813	0.048777	0.000000	-0.998810	
0.006000	0.000000	0.000000	0.000000	0.894428	0.447211	0.000000	-0.447211	0.894428	0.000000	0.000000	0.000000	1.000000	0.000000	0.000000	0.000000	0.526993	-0.722690	-0.447211	-0.263495	0.361343	-0.894428	0.807991	0.589195	0.000000	0.096967	-0.048483	0.148670	0.893361	0.043673	0.447211	-0.446678	-0.021836	0.894428	0.048828	-0.998807	-0.000000	0.197543	-0.098771	-0.042067	0.893362	-0.447211	0.043673	-0.446678	-0.894428	-0.021836	0.048828	0.000000	-0.998807	0.197543	-0.098771	-0.042067	0.893362	0.043673	0.447211	-0.446678	-0.021836	0.894428	0.048828	-0.998807	-0.000000	0.200076	-0.100037	-0.099997	0.893362	-0.447211	0.043673	-0.446678	-0.894428	-0.021836	0.048828	0.000000	-0.998807	
0.007000	0.000000	0.000000	0.000000	0.894419	0.447231	0.000000	-0.447231	0.894419	0.000000	0.000000	0.000000	1.000000	0.000000	0.000000	0.000000	0.527004	-0.722670	-0.447231	-0.263515	0.361352	-0.894419	0.807977	0.589214	0.000000	0.096969	-0.048487	0.148668	0.893349	0.043721	0.447231	-0.446696	-0.021861	0.894419	0.048882	-0.998805	-0.000000	0.197553	-0.098781	-0.042063	0.893350	-0.447230	0.043721	-0.446696	-0.894419	-0.021861	0.048882	0.000000	-0.998805	0.197553	-0.098781	-0.042063	0.893350	0.043721	0.447230	-0.446696	-0.021861	0.894419	0.048882	-0.998805	-0.000000	0.200089	-0.100049	-0.099994	0.893350	-0.447230	0.043721	-0.446696	-0.894419	-0.021861	0.048882	0.000000	-0.998805	
0.008000	0.000000	0.000000	0.000000	0.894407	0.447254	0.000000	-0.447254	0.894407	0.000000	0.000000	0.000000	1.000000	0.000000	0.000000	0.000000	0.527012	-0.722649	-0.447254	-0.263536	0.361365	-0.894407	0.807965	0.589231	0.000000	0.096970	-0.048491	0.148665	0.893335	0.043771	0.447254	-0.446718	-0.021888	0.894407	0.048938	-0.998802	-0.000000	0.197563	-0.098793	-0.042059	0.893336	-0.447253	0.043771	-0.446717	-0.894407	-0.021888	0.048938	0.000000	-0.998802	0.197563	-0.098793	-0.042059	0.893336	0.043771	0.447253	-0.446717	-0.021888	0.894407	0.048938	-0.998802	-0.000000	0.200102	-0.100062	-0.099990	0.893336	-0.447253	0.043771	-0.446717	-0.894407	-0.021888	0.048938	0.000000	-0.998802	
0.009000	0.000000	0.000000	0.000000	0.894394	0.447281	0.000000	-0.447281	0.894394	0.000000	0.000000	0.000000	1.000000	0.000000	0.000000	0.000000	0.527018	-0.722629	-0.447281	-0.263558	0.361382	-0.894394	0.807953	0.589246	0.000000	0.096971	-0.048495	0.148663	0.893319	0.043823	0.447281	-0.446743	-0.021916	0.894394	0.048998	-0.998799	-0.000000	0.197573	-0.098805	-0.042054	0.893320	-0.447280	0.043823	-0.446743	-0.894394	-0.021916	0.048998	0.000000	-0.998799	0.197573	-0.098805	-0.042054	0.893320	0.043823	0.447280	-0.446743	-0.021916	0.894394	0.048998	-0.998799	-0.000000	0.200114	-0.100076	-0.099985	0.893320	-0.447280	0.043823	-0.446743	-0.894394	-0.021916	0.048998	0.000000	-0.998799	
0.010000	0.000000	0.000000	0.000000	0.894378	0.447311	0.000000	-0.447311	0.894378	0.000000	0.000000	0.000000	1.000000	0.000000	0.000000	0.000000	0.527021	-0.722607	-0.447311	-0.263582	0.361402	-0.894378	0.807944	0.589260	0.000000	0.096972	-0.048499	0.148662	0.893301	0.043878	0.447311	-0.446773	-0.021945	0.894378	0.049060	-0.998796	-0.000000	0.197582	-0.098818	-0.042049	0.893302	-0.447310	0.043878	-0.446772	-0.894379	-0.021945	0.049060	0.000000	-0.998796	0.197582	-0.098818	-0.042049	0.893302	0.043878	0.447310	-0.446772	-0.021945	0.894379	0.049060	-0.998796	-0.000000	0.200127	-0.100091	-0.099979	0.893302	-0.447310	0.043878	-0.446772	-0.894379	-0.021945	0.049060	0.000000	-0.998796	
0.011000	0.000000	0.000000	0.000000	0.894361	0.447345	0.000000	-0.447345	0.894361	0.000000	0.000000	0.000000	1.000000	0.000000	0.000000	0.000000	0.527022	-0.722586	-0.447345	-0.263608	0.361426	-0.894361	0.807935	0.589272	0.000000	0.096972	-0.048504	0.148660	0.893281	0.043936	0.447345	-0.446805	-0.021976	0.894361	0.049126	-0.998793	-0.000000	0.197591	-0.098832	-0.042043	0.893282	-0.447344	0.043936	-0.446804	-0.894362	-0.021976	0.049126	0.000000	-0.998793	0.197591	-0.098832	-0.042043	0.893282	0.043936	0.447344	-0.446804	-0.021976	0.894362	0.049125	-0.998793	-0.000000	0.200140	-0.100107	-0.099973	0.893282	-0.447344	0.043936	-0.446804	-0.894362	-0.021976	0.049125	0.000000	-0.998793	
0.012000	0.000000	0.000000	0.000000	0.894342	0.447383	0.000000	-0.447383	0.894342	0.000000	0.000000	0.000000	1.000000	0.000000	0.000000	0.000000	0.527019	-0.722564	-0.447383	-0.263635	0.361453	-0.894342	0.807928	0.589282	0.000000	0.096972	-0.048509	0.148659	0.893259	0.043996	0.447383	-0.446842	-0.022008	0.894342	0.049194	-0.998789	-0.000000	0.197601	-0.098847	-0.042037	0.893260	-0.447382	0.043996	-0.446840	-0.894343	-0.022008	0.049194	0.000000	-0.998789	0.197601	-0.098847	-0.042037	0.893260	0.043996	0.447382	-0.446840	-0.022008	0.894343	0.049194	-0.998789	-0.000000	0.200152	-0.100124	-0.099967	0.893260	-0.447382	0.043996	-0.446840	-0.894343	-0.022008	0.049194	0.000000	-0.998789	
0.013000	0.000000	0.000000	0.000000	0.894321	0.447425	0.000000	-0.447425	0.894321	0.000000	0.000000	0.000000	1.000000	0.000000	0.000000	0.000000	0.527015	-0.722542	-0.447425	-0.263663	0.361484	-0.894321	0.807922	0.589290	0.000000	0.096971	-0.048514	0.148658	0.893236	0.044058	0.447425	-0.446882	-0.022042	0.894321	0.049264	-0.998786	-0.000000	0.197609	-0.098863	-0.042030	0.893236	-0.447423	0.044058	-0.446880	-0.894322	-0.022042	0.049264	0.000000	-0.998786	0.197609	-0.098863	-0.042030	0.893236	0.044058	0.447423	-0.446880	-0.022042	0.894322	0.049264	-0.998786	-0.000000	0.200165	-0.100142	-0.099960	0.893236	-0.447423	0.044058	-0.446880	-0.894322	-0.022042	0.049264	0.000000	-0.998786	
0.014000	0.000000	0.000000	0.000000	0.894299	0.447470	0.000000	-0.447470	0.894299	0.000000	0.000000	0.000000	1.000000	0.000000	0.000000	0.000000	0.527007	-0.722519	-0.447470	-0.263693	0.361519	-0.894299	0.807917	0.589296	0.000000	0.096969	-0.048519	0.148657	0.893210	0.044123	0.447470	-0.446925	-0.022077	0.894299	0.049338	-0.998782	-0.000000	0.197618	-0.098880	-0.042023	0.893211	-0.447468	0.044123	-0.446923	-0.894300	-0.022077	0.049338	0.000000	-0.998782	0.197618	-0.098880	-0.042023	0.893211	0.044123	0.447468	-0.446923	-0.022077	0.894300	0.049338	-0.998782	-0.000000	0.200177	-0.100160	-0.099952	0.893211	-0.447468	0.044123	-0.446923	-0.894300	-0.022077	0.049338	0.000000	-0.998782	
0.015000	0.000000	0.000000	0.000000	0.894274	0.447519	0.000000	-0.447519	0.894274	0.000000	0.000000	0.000000	1.000000	0.000000	0.000000	0.000000	0.526997	-0.722496	-0.447519	-0.263724	0.361557	-0.894274	0.807913	0.589301	0.000000	0.096967	-0.048525	0.148656	0.893182	0.044190	0.447519	-0.446972	-0.022114	0.894274	0.049414	-0.998778	-0.000000	0.197626	-0.098898	-0.042015	0.893183	-0.447517	0.044190	-0.446970	-0.894276	-0.022114	0.049414	0.000000	-0.998778	0.197626	-0.098898	-0.042015	0.893183	0.044190	0.447517	-0.446970	-0.022114	0.894276	0.049414	-0.998778	-0.000000	0.200189	-0.100180	-0.099944	0.893183	-0.447517	0.044190	-0.446970	-0.894276	-0.022114	0.049414	0.000000	-0.998778	
0.016000	0.000000	0.000000	0.000000	0.894248	0.447572	0.000000	-0.447572	0.894248	0.000000	0.000000	0.000000	1.000000	0.000000	0.000000	0.000000	0.526984	-0.722473	-0.447572	-0.263756	0.361598	-0.894248	0.807911	0.589304	0.000000	0.096965	-0.048531	0.148656	0.893152	0.044260	0.447572	-0.447023	-0.022152	0.894248	0.049494	-0.998774	-0.000000	0.197635	-0.098916	-0.042006	0.893154	-0.447569	0.044260	-0.447020	-0.894250	-0.022152	0.049494	0.000000	-0.998774	0.197635	-0.098916	-0.042006	0.893154	0.044260	0.447569	-0.447020	-0.022152	0.894250	0.049494	-0.998774	-0.000000	0.200202	-0.100201	-0.099935	0.893154	-0.447569	0.044260	-0.447020	-0.894250	-0.022152	0.049494	0.000000	-0.998774	
0.017000	0.000000	0.000000	0.000000	0.894220	0.447628	0.000000	-0.447628	0.894220	0.000000	0.000000	0.000000	1.000000	0.000000	0.000000	0.000000	0.526969	-0.722449	-0.447628	-0.263790	0.361643	-0.894220	0.807910	0.589306	0.000000	0.096962	-0.048537	0.148655	0.893120	0.044332	0.447628	-0.447077	-0.022191	0.894220	0.049576	-0.998770	-0.000000	0.197643	-0.098936	-0.041997	0.893122	-0.447624	0.044332	-0.447074	-0.894222	-0.022191	0.049576	0.000000	-0.998770	0.197643	-0.098936	-0.041997	0.893122	0.044332	0.447624	-0.447074	-0.022191	0.894222	0.049576	-0.998770	-0.000000	0.200214	-0.100223	-0.099926	0.893122	-0.447624	0.044332	-0.447074	-0.894222	-0.022191	0.049576	0.000000	-0.998770	
0.018000	0.000000	0.000000	0.000000	0.894190	0.447688	0.000000	-0.447688	0.894190	0.000000	0.000000	0.000000	1.000000	0.000000	0.000000	0.000000	0.526951	-0.722425	-0.447688	-0.263825	0.361691	-0.894190	0.807910	0.589305	0.000000	0.096959	-0.048544	0.148656	0.893087	0.044406	0.447688	-0.447135	-0.022232	0.894190	0.049661	-0.998766	-0.000000	0.197650	-0.098956	-0.041988	0.893089	-0.447684	0.044406	-0.447131	-0.894192	-0.022232	0.049661	0.000000	-0.998766	0.197650	-0.098956	-0.041988	0.893089	0.044406	0.447684	-0.447131	-0.022232	0.894192	0.049660	-0.998766	-0.000000	0.200226	-0.100246	-0.099916	0.893089	-0.447684	0.044406	-0.447131	-0.894192	-0.022232	0.049660	0.000000	-0.998766	
0.019000	0.000000	0.000000	0.000000	0.894158	0.447751	0.000000	-0.447751	0.894158	0.000000	0.000000	0.000000	1.000000	0.000000	0.000000	0.000000	0.526930	-0.722401	-0.447751	-0.263861	0.361743	-0.894158	0.807912	0.589303	0.000000	0.096955	-0.048550	0.148656	0.893051	0.044483	0.447751	-0.447196	-0.022275	0.894158	0.049748	-0.998762	-0.000000	0.197658	-0.098977	-0.041977	0.893053	-0.447746	0.044483	-0.447192	-0.894161	-0.022275	0.049748	0.000000	-0.998762	0.197658	-0.098977	-0.041977	0.893053	0.044483	0.447746	-0.447192	-0.022275	0.894161	0.049748	-0.998762	-0.000000	0.200238	-0.100269	-0.099906	0.893053	-0.447746	0.044483	-0.447192	-0.894161	-0.022275	0.049748	0.000000	-0.998762	
0.020000	0.000000	0.000000	0.000000	0.894125	0.447818	0.000000	-0.447818	0.894125	0.000000	0.000000	0.000000	1.000000	0.000000	0.000000	0.000000	0.526907	-0.722377	-0.447818	-0.263899	0.361798	-0.894125	0.807915	0.589299	0.000000	0.096951	-0.048557	0.148656	0.893014	0.044562	0.447818	-0.447261	-0.022318	0.894125	0.049838	-0.998757	-0.000000	0.197665	-0.099000	-0.041967	0.893016	-0.447813	0.044562	-0.447256	-0.894127	-0.022318	0.049838	0.000000	-0.998757	0.197665	-0.099000	-0.041967	0.893016	0.044562	0.447813	-0.447256	-0.022318	0.894127	0.049838	-0.998757	-0.000000	0.200250	-0.100294	-0.099895	0.893016	-0.447813	0.044562	-0.447256	-0.894127	-0.022318	0.049838	0.000000	-0.998757	
0.021000	0.000000	0.000000	0.000000	0.894090	0.447888	0.000000	-0.447888	0.894090	0.000000	0.000000	0.000000	1.000000	0.000000	0.000000	0.000000	0.526882	-0.722352	-0.447888	-0.263938	0.361857	-0.894090	0.807919	0.589294	0.000000	0.096946	-0.048565	0.148657	0.892974	0.044643	0.447888	-0.447329	-0.022364	0.894090	0.049931	-0.998753	-0.000000	0.197673	-0.099023	-0.041956	0.892977	-0.447883	0.044643	-0.447324	-0.894092	-0.022364	0.049931	0.000000	-0.998753	0.197673	-0.099023	-0.041956	0.892977	0.044643	0.447883	-0.447324	-0.022364	0.894092	0.049931	-0.998753	-0.000000	0.200262	-0.100320	-0.099883	0.892977	-0.447883	0.044643	-0.447324	-0.894092	-0.022364	0.049931	0.000000	-0.998753	
0.022000	0.000000	0.000000	0.000000	0.894053	0.447962	0.000000	-0.447962	0.894053	0.000000	0.000000	0.000000	1.000000	0.000000	0.000000	0.000000	0.526853	-0.722327	-0.447962	-0.263978	0.361919	-0.894053	0.807924	0.589287	0.000000	0.096941	-0.048572	0.148658	0.892933	0.044727	0.447962	-0.447401	-0.022410	0.894053	0.050027	-0.998748	-0.000000	0.197680	-0.099047	-0.041944	0.892936	-0.447956	0.044727	-0.447395	-0.894056	-0.022410	0.050027	0.000000	-0.998748	0.197680	-0.099047	-0.041944	0.892936	0.044727	0.447956	-0.447395	-0.022410	0.894056	0.050027	-0.998748	-0.000000	0.200274	-0.100346	-0.099871	0.892936	-0.447956	0.044727	-0.447395	-0.894056	-0.022410	0.050027	0.000000	-0.998748	
0.023000	0.000000	0.000000	0.000000	0.894014	0.448039	0.000000	-0.448039	0.894014	0.000000	0.000000	0.000000	1.000000	0.000000	0.000000	0.000000	0.526822	-0.722301	-0.448039	-0.264020	0.361985	-0.894014	0.807931	0.589278	0.000000	0.096935	-0.048580	0.148659	0.892890	0.044813	0.448039	-0.447476	-0.022458	0.894014	0.050126	-0.998743	-0.000000	0.197686	-0.099071	-0.041931	0.892893	-0.448033	0.044813	-0.447469	-0.894017	-0.022458	0.050126	0.000000	-0.998743	0.197686	-0.099071	-0.041931	0.892893	0.044813	0.448033	-0.447469	-0.022458	0.894017	0.050126	-0.998743	-0.000000	0.200286	-0.100374	-0.099859	0.892893	-0.448033	0.044813	-0.447469	-0.894017	-0.022458	0.050126	0.000000	-0.998743	
0.024000	0.000000	0.000000	0.000000	0.893973	0.448120	0.000000	-0.448120	0.893973	0.000000	0.000000	0.000000	1.000000	0.000000	0.000000	0.000000	0.526789	-0.722275	-0.448120	-0.264062	0.362053	-0.893973	0.807938	0.589267	0.000000	0.096929	-0.048587	0.148661	0.892845	0.044902	0.448120	-0.447554	-0.022508	0.893973	0.050227	-0.998738	-0.000000	0.197693	-0.099097	-0.041919	0.892849	-0.448113	0.044902	-0.447547	-0.893977	-0.022508	0.050227	0.000000	-0.998738	0.197693	-0.099097	-0.041919	0.892849	0.044901	0.448113	-0.447547	-0.022508	0.893977	0.050227	-0.998738	-0.000000	0.200297	-0.100403	-0.099845	0.892849	-0.448113	0.044901	-0.447547	-0.893977	-0.022508	0.050227	0.000000	-0.998738	
0.025000	0.000000	0.000000	0.000000	0.893931	0.448204	0.000000	-0.448204	0.893931	0.000000	0.000000	0.000000	1.000000	0.000000	0.000000	0.000000	0.526753	-0.722249	-0.448204	-0.264107	0.362125	-0.893931	0.807947	0.589255	0.000000	0.096923	-0.048596	0.148662	0.892798	0.044992	0.448204	-0.447636	-0.022559	0.893931	0.050331	-0.998733	-0.000000	0.197699	-0.099124	-0.041905	0.892802	-0.448196	0.044992	-0.447628	-0.893935	-0.022559	0.050331	0.000000	-0.998733	0.197699	-0.099124	-0.041905	0.892802	0.044992	0.448196	-0.447628	-0.022558	0.893935	0.050331	-0.998733	-0.000000	0.200309	-0.100432	-0.099832	0.892802	-0.448196	0.044992	-0.447628	-0.893935	-0.022558	0.050331	0.000000	-0.998733	
0.026000	0.000000	0.000000	0.000000	0.893887	0.448292	0.000000	-0.448292	0.893887	0.000000	0.000000	0.000000	1.000000	0.000000	0.000000	0.000000	0.526715	-0.722223	-0.448292	-0.264152	0.362201	-0.893887	0.807957	0.589241	0.000000	0.096916	-0.048604	0.148664	0.892749	0.045085	0.448292	-0.447721	-0.022611	0.893887	0.050438	-0.998727	-0.000000	0.197705	-0.099151	-0.041891	0.892754	-0.448283	0.045085	-0.447713	-0.893892	-0.022611	0.050438	0.000000	-0.998727	0.197705	-0.099151	-0.041891	0.892754	0.045085	0.448283	-0.447713	-0.022611	0.893892	0.050437	-0.998727	-0.000000	0.200320	-0.100462	-0.099817	0.892754	-0.448283	0.045085	-0.447713	-0.893892	-0.022611	0.050437	0.000000	-0.998727	
0.027000	0.000000	0.000000	0.000000	0.893841	0.448383	0.000000	-0.448383	0.893841	0.000000	0.000000	0.000000	1.000000	0.000000	0.000000	0.000000	0.526674	-0.722196	-0.448383	-0.264199	0.362280	-0.893841	0.807969	0.589225	0.000000	0.096908	-0.048613	0.148666	0.892699	0.045181	0.448383	-0.447810	-0.022664	0.893841	0.050547	-0.998722	-0.000000	0.197711	-0.099179	-0.041877	0.892704	-0.448374	0.045181	-0.447801	-0.893846	-0.022664	0.050547	0.000001	-0.998722	0.197711	-0.099179	-0.041877	0.892704	0.045181	0.448374	-0.447801	-0.022664	0.893846	0.050547	-0.998722	-0.000001	0.200332	-0.100494	-0.099803	0.892704	-0.448374	0.045181	-0.447801	-0.893846	-0.022664	0.050547	0.000001	-0.998722	
0.028000	0.000000	0.000000	0.000000	0.893794	0.448478	0.000000	-0.448478	0.893794	0.000000	0.000000	0.000000	1.000000	0.000000	0.000000	0.000000	0.526630	-0.722169	-0.448478	-0.264247	0.362362	-0.893794	0.807982	0.589208	0.000000	0.096900	-0.048621	0.148669	0.892646	0.045279	0.448478	-0.447902	-0.022719	0.893794	0.050659	-0.998716	-0.000000	0.197717	-0.099208	-0.041862	0.892652	-0.448467	0.045279	-0.447892	-0.893799	-0.022719	0.050659	0.000001	-0.998716	0.197717	-0.099208	-0.041862	0.892652	0.045278	0.448467	-0.447892	-0.022719	0.893799	0.050659	-0.998716	-0.000001	0.200343	-0.100526	-0.099787	0.892652	-0.448467	0.045278	-0.447892	-0.893799	-0.022719	0.050659	0.000001	-0.998716	
0.029000	0.000000	0.000000	0.000000	0.893745	0.448576	0.000000	-0.448576	0.893745	0.000000	0.000000	0.000000	1.000000	0.000000	0.000000	0.000000	0.526584	-0.722142	-0.448576	-0.264296	0.362447	-0.893745	0.807995	0.589189	0.000000	0.096892	-0.048630	0.148671	0.892592	0.045379	0.448576	-0.447997	-0.022776	0.893745	0.050774	-0.998710	-0.000000	0.197723	-0.099238	-0.041846	0.892598	-0.448565	0.045379	-0.447986	-0.893750	-0.022776	0.050774	0.000001	-0.998710	0.197723	-0.099238	-0.041846	0.892598	0.045378	0.448565	-0.447986	-0.022776	0.893750	0.050773	-0.998710	-0.000001	0.200355	-0.100559	-0.099772	0.892598	-0.448565	0.045378	-0.447986	-0.893750	-0.022776	0.050773	0.000001	-0.998710	
0.030000	0.000000	0.000000	0.000000	0.893694	0.448677	0.000000	-0.448677	0.893694	0.000000	0.000000	0.000000	1.000000	0.000000	0.000000	0.000000	0.526536	-0.722114	-0.448677	-0.264346	0.362536	-0.893694	0.808011	0.589168	0.000000	0.096883	-0.048640	0.148674	0.892536	0.045481	0.448677	-0.448096	-0.022834	0.893694	0.050891	-0.998704	-0.000000	0.197728	-0.099269	-0.041830	0.892542	-0.448665	0.045481	-0.448084	-0.893700	-0.022834	0.050891	0.000001	-0.998704	0.197728	-0.099269	-0.041830	0.892542	0.045481	0.448665	-0.448084	-0.022834	0.893700	0.050891	-0.998704	-0.000001	0.200366	-0.100593	-0.099755	0.892542	-0.448665	0.045481	-0.448084	-0.893700	-0.022834	0.050891	0.000001	-0.998704	
0.031000	0.000000	0.000000	0.000000	0.893641	0.448782	0.000000	-0.448782	0.893641	0.000000	0.000000	0.000000	1.000000	0.000000	0.000000	0.000000	0.526485	-0.722086	-0.448782	-0.264398	0.362628	-0.893641	0.808027	0.589146	0.000000	0.096873	-0.048649	0.148677	0.892478	0.045586	0.448782	-0.448197	-0.022893	0.893641	0.051011	-0.998698	-0.000000	0.197733	-0.099300	-0.041814	0.892485	-0.448769	0.045586	-0.448184	-0.893648	-0.022893	0.051011	0.000001	-0.998698	0.197733	-0.099300	-0.041814	0.892485	0.045585	0.448769	-0.448184	-0.022893	0.893648	0.051011	-0.998698	-0.000001	0.200377	-0.100628	-0.099738	0.892485	-0.448769	0.045585	-0.448184	-0.893648	-0.022893	0.051011	0.000001	-0.998698	
0.032000	0.000000	0.000000	0.000000	0.893587	0.448889	0.000000	-0.448889	0.893587	0.000000	0.000000	0.000000	1.000000	0.000000	0.000000	0.000000	0.526432	-0.722058	-0.448889	-0.264450	0.362723	-0.893587	0.808044	0.589122	0.000000	0.096863	-0.048659	0.148680	0.892418	0.045693	0.448889	-0.448302	-0.022953	0.893587	0.051134	-0.998692	-0.000000	0.197738	-0.099333	-0.041797	0.892425	-0.448876	0.045693	-0.448288	-0.893594	-0.022953	0.051134	0.000001	-0.998692	0.197738	-0.099333	-0.041797	0.892425	0.045692	0.448876	-0.448288	-0.022953	0.893594	0.051134	-0.998692	-0.000001	0.200388	-0.100664	-0.099721	0.892425	-0.448876	0.045692	-0.448288	-0.893594	-0.022953	0.051134	0.000001	-0.998692	
0.033000	0.000000	0.000000	0.000000	0.893531	0.449001	0.000000	-0.449001	0.893531	0.000000	0.000000	0.000000	1.000000	0.000000	0.000000	0.000000	0.526376	-0.722030	-0.449001	-0.264504	0.362821	-0.893531	0.808063	0.589096	0.000000	0.096853	-0.048669	0.148684	0.892357	0.045802	0.449001	-0.448410	-0.023015	0.893531	0.051259	-0.998685	-0.000000	0.197743	-0.099366	-0.041779	0.892364	-0.448986	0.045802	-0.448396	-0.893539	-0.023015	0.051259	0.000001	-0.998685	0.197743	-0.099366	-0.041779	0.892364	0.045801	0.448986	-0.448396	-0.023015	0.893539	0.051259	-0.998685	-0.000001	0.200399	-0.100701	-0.099703	0.892364	-0.448986	0.045801	-0.448396	-0.893539	-0.023015	0.051259	0.000001	-0.998685	
0.034000	0.000000	0.000000	0.000000	0.893474	0.449115	0.000000	-0.449115	0.893474	0.000000	0.000000	0.000000	1.000000	0.000000	0.000000	0.000000	0.526317	-0.722001	-0.449115	-0.264560	0.362922	-0.893474	0.808083	0.589069	0.000000	0.096842	-0.048679	0.148687	0.892293	0.045913	0.449115	-0.448522	-0.023079	0.893474	0.051387	-0.998679	-0.000000	0.197748	-0.099400	-0.041761	0.892301	-0.449099	0.045913	-0.448506	-0.893482	-0.023079	0.051387	0.000001	-0.998679	0.197748	-0.099400	-0.041761	0.892301	0.045913	0.449099	-0.448506	-0.023079	0.893482	0.051387	-0.998679	-0.000001	0.200411	-0.100739	-0.099684	0.892301	-0.449099	0.045913	-0.448506	-0.893482	-0.023079	0.051387	0.000001	-0.998679	
0.035000	0.000000	0.000000	0.000000	0.893415	0.449233	0.000000	-0.449233	0.893415	0.000000	0.000000	0.000000	1.000000	0.000000	0.000000	0.000000	0.526257	-0.721972	-0.449233	-0.264616	0.363027	-0.893415	0.808104	0.589040	0.000000	0.096831	-0.048689	0.148691	0.892228	0.046027	0.449233	-0.448636	-0.023144	0.893415	0.051518	-0.998672	-0.000000	0.197752	-0.099435	-0.041742	0.892237	-0.449216	0.046027	-0.448620	-0.893423	-0.023144	0.051518	0.000001	-0.998672	0.197752	-0.099435	-0.041742	0.892237	0.046027	0.449216	-0.448620	-0.023143	0.893423	0.051518	-0.998672	-0.000001	0.200422	-0.100777	-0.099665	0.892237	-0.449216	0.046027	-0.448620	-0.893423	-0.023143	0.051518	0.000001	-0.998672	
0.036000	0.000000	0.000000	0.000000	0.893354	0.449354	0.000000	-0.449354	0.893354	0.000000	0.000000	0.000000	1.000000	0.000000	0.000000	0.000000	0.526193	-0.721943	-0.449354	-0.264674	0.363135	-0.893354	0.808127	0.589009	0.000000	0.096820	-0.048700	0.148695	0.892161	0.046143	0.449354	-0.448754	-0.023210	0.893354	0.051651	-0.998665	-0.000000	0.197756	-0.099471	-0.041723	0.892170	-0.449336	0.046143	-0.448736	-0.893363	-0.023210	0.051651	0.000001	-0.998665	0.197756	-0.099471	-0.041723	0.892170	0.046142	0.449336	-0.448736	-0.023209	0.893363	0.051651	-0.998665	-0.000001	0.200432	-0.100817	-0.099646	0.892170	-0.449336	0.046142	-0.448736	-0.893363	-0.023209	0.051651	0.000001	-0.998665	
0.037000	0.000000	0.000000	0.000000	0.893291	0.449478	0.000000	-0.449478	0.893291	0.000000	0.000000	0.000000	1.000000	0.000000	0.000000	0.000000	0.526128	-0.721913	-0.449478	-0.264732	0.363246	-0.893291	0.808150	0.588977	0.000000	0.096807	-0.048711	0.148700	0.892093	0.046261	0.449478	-0.448875	-0.023277	0.893291	0.051787	-0.998658	-0.000000	0.197760	-0.099507	-0.041703	0.892102	-0.449459	0.046261	-0.448856	-0.893301	-0.023277	0.051787	0.000001	-0.998658	0.197760	-0.099507	-0.041703	0.892102	0.046261	0.449459	-0.448856	-0.023277	0.893301	0.051787	-0.998658	-0.000001	0.200443	-0.100857	-0.099625	0.892102	-0.449459	0.046261	-0.448856	-0.893301	-0.023277	0.051787	0.000001	-0.998658	
0.038000	0.000000	0.000000	0.000000	0.893227	0.449606	0.000000	-0.449606	0.893227	0.000000	0.000000	0.000000	1.000000	0.000000	0.000000	0.000000	0.526060	-0.721884	-0.449606	-0.264792	0.363360	-0.893227	0.808175	0.588943	0.000000	0.096795	-0.048722	0.148704	0.892022	0.046381	0.449606	-0.448999	-0.023346	0.893227	0.051926	-0.998651	-0.000000	0.197764	-0.099545	-0.041683	0.892032	-0.449586	0.046381	-0.448979	-0.893237	-0.023346	0.051926	0.000001	-0.998651	0.197764	-0.099545	-0.041683	0.892032	0.046381	0.449586	-0.448979	-0.023346	0.893237	0.051925	-0.998651	-0.000001	0.200454	-0.100899	-0.099605	0.892032	-0.449586	0.046381	-0.448979	-0.893237	-0.023346	0.051925	0.000001	-0.998651	
0.039000	0.000000	0.000000	0.000000	0.893161	0.449736	0.000000	-0.449736	0.893161	0.000000	0.000000	0.000000	1.000000	0.000000	0.000000	0.000000	0.525989	-0.721854	-0.449736	-0.264853	0.363477	-0.893161	0.808201	0.588907	0.000000	0.096782	-0.048733	0.148709	0.891950	0.046504	0.449736	-0.449126	-0.023416	0.893161	0.052067	-0.998644	-0.000000	0.197768	-0.099583	-0.041662	0.891961	-0.449715	0.046504	-0.449105	-0.893172	-0.023416	0.052067	0.000001	-0.998644	0.197768	-0.099583	-0.041662	0.891961	0.046503	0.449715	-0.449105	-0.023416	0.893172	0.052066	-0.998644	-0.000001	0.200465	-0.100941	-0.099584	0.891961	-0.449715	0.046503	-0.449105	-0.893172	-0.023416	0.052066	0.000001	-0.998644	
0.040000	0.000000	0.000000	0.000000	0.893094	0.449870	0.000000	-0.449870	0.893094	0.000000	0.000000	0.000000	1.000000	0.000000	0.000000	0.000000	0.525916	-0.721823	-0.449870	-0.264915	0.363598	-0.893094	0.808228	0.588870	0.000000	0.096769	-0.048744	0.148714	0.891876	0.046629	0.449870	-0.449257	-0.023488	0.893094	0.052211	-0.998636	-0.000000	0.197771	-0.099621	-0.041641	0.891887	-0.449848	0.046629	-0.449234	-0.893105	-0.023488	0.052211	0.000001	-0.998636	0.197771	-0.099621	-0.041641	0.891887	0.046628	0.449848	-0.449234	-0.023488	0.893105	0.052210	-0.998636	-0.000001	0.200476	-0.100984	-0.099562	0.891887	-0.449848	0.046628	-0.449234	-0.893105	-0.023488	0.052210	0.000001	-0.998636	
0.041000	0.000000	0.000000	0.000000	0.893025	0.450007	0.000000	-0.450007	0.893025	0.000000	0.000000	0.000000	1.000000	0.000000	0.000000	0.000000	0.525841	-0.721793	-0.450007	-0.264978	0.363721	-0.893025	0.808256	0.588831	0.000000	0.096755	-0.048756	0.148719	0.891800	0.046756	0.450007	-0.449390	-0.023561	0.893025	0.052357	-0.998628	-0.000000	0.197774	-0.099661	-0.041619	0.891812	-0.449983	0.046756	-0.449366	-0.893037	-0.023561	0.052357	0.000001	-0.998628	0.197774	-0.099661	-0.041619	0.891812	0.046755	0.449983	-0.449366	-0.023561	0.893037	0.052356	-0.998628	-0.000001	0.200486	-0.101028	-0.099540	0.891812	-0.449983	0.046755	-0.449366	-0.893037	-0.023561	0.052356	0.000001	-0.998628	
0.042000	0.000000	0.000000	0.000000	0.892954	0.450147	0.000000	-0.450147	0.892954	0.000000	0.000000	0.000000	1.000000	0.000000	0.000000	0.000000	0.525763	-0.721762	-0.450147	-0.265043	0.363847	-0.892954	0.808285	0.588791	0.000000	0.096740	-0.048768	0.148724	0.891723	0.046885	0.450147	-0.449526	-0.023635	0.892954	0.052506	-0.998621	-0.000000	0.197777	-0.099702	-0.041597	0.891735	-0.450122	0.046885	-0.449501	-0.892967	-0.023635	0.052506	0.000001	-0.998621	0.197777	-0.099702	-0.041597	0.891735	0.046884	0.450122	-0.449501	-0.023635	0.892967	0.052505	-0.998621	-0.000001	0.200497	-0.101072	-0.099517	0.891735	-0.450122	0.046884	-0.449501	-0.892967	-0.023635	0.052505	0.000001	-0.998621	
0.043000	0.000000	0.000000	0.000000	0.892882	0.450291	0.000000	-0.450291	0.892882	0.000000	0.000000	0.000000	1.000000	0.000000	0.000000	0.000000	0.525683	-0.721731	-0.450291	-0.265108	0.363977	-0.892882	0.808316	0.588749	0.000000	0.096726	-0.048780	0.148730	0.891643	0.047017	0.450291	-0.449666	-0.023711	0.892882	0.052657	-0.998613	-0.000000	0.197780	-0.099743	-0.041574	0.891657	-0.450264	0.047017	-0.449639	-0.892895	-0.023711	0.052657	0.000002	-0.998613	0.197780	-0.099743	-0.041574	0.891657	0.047016	0.450264	-0.449639	-0.023711	0.892895	0.052656	-0.998613	-0.000002	0.200507	-0.101118	-0.099494	0.891657	-0.450264	0.047016	-0.449639	-0.892895	-0.023711	0.052656	0.000002	-0.998613	
0.044000	0.000000	0.000000	0.000000	0.892808	0.450437	0.000000	-0.450437	0.892808	0.000000	0.000000	0.000000	1.000000	0.000000	0.000000	0.000000	0.525601	-0.721699	-0.450437	-0.265175	0.364110	-0.892808	0.808348	0.588705	0.000000	0.096711	-0.048792	0.148736	0.891562	0.047150	0.450437	-0.449808	-0.023788	0.892808	0.052811	-0.998605	-0.000000	0.197783	-0.099785	-0.041551	0.891577	-0.450409	0.047150	-0.449780	-0.892822	-0.023788	0.052811	0.000002	-0.998605	0.197783	-0.099785	-0.041551	0.891577	0.047149	0.450409	-0.449780	-0.023788	0.892822	0.052810	-0.998605	-0.000002	0.200518	-0.101165	-0.099470	0.891577	-0.450409	0.047149	-0.449780	-0.892822	-0.023788	0.052810	0.000002	-0.998605	
0.045000	0.000000	0.000000	0.000000	0.892733	0.450586	0.000000	-0.450586	0.892733	0.000000	0.000000	0.000000	1.000000	0.000000	0.000000	0.000000	0.525516	-0.721668	-0.450586	-0.265242	0.364245	-0.892733	0.808380	0.588660	0.000000	0.096695	-0.048805	0.148742	0.891480	0.047286	0.450586	-0.449954	-0.023866	0.892733	0.052968	-0.998596	-0.000000	0.197785	-0.099828	-0.041527	0.891495	-0.450557	0.047286	-0.449924	-0.892748	-0.023866	0.052968	0.000002	-0.998596	0.197785	-0.099828	-0.041527	0.891495	0.047285	0.450557	-0.449924	-0.023866	0.892748	0.052967	-0.998596	-0.000002	0.200528	-0.101212	-0.099446	0.891495	-0.450557	0.047285	-0.449924	-0.892748	-0.023866	0.052967	0.000002	-0.998596	
0.046000	0.000000	0.000000	0.000000	0.892656	0.450739	0.000000	-0.450739	0.892656	0.000000	0.000000	0.000000	1.000000	0.000000	0.000000	0.000000	0.525429	-0.721636	-0.450739	-0.265311	0.364384	-0.892656	0.808415	0.588614	0.000000	0.096679	-0.048817	0.148748	0.891395	0.047424	0.450739	-0.450102	-0.023946	0.892656	0.053127	-0.998588	-0.000000	0.197788	-0.099871	-0.041503	0.891411	-0.450708	0.047424	-0.450071	-0.892672	-0.023946	0.053127	0.000002	-0.998588	0.197788	-0.099871	-0.041503	0.891411	0.047423	0.450708	-0.450071	-0.023946	0.892672	0.053126	-0.998588	-0.000002	0.200538	-0.101260	-0.099421	0.891411	-0.450708	0.047423	-0.450071	-0.892672	-0.023946	0.053126	0.000002	-0.998588	
0.047000	0.000000	0.000000	0.000000	0.892577	0.450894	0.000000	-0.450894	0.892577	0.000000	0.000000	0.000000	1.000000	0.000000	0.000000	0.000000	0.525340	-0.721604	-0.450894	-0.265381	0.364525	-0.892577	0.808450	0.588565	0.000000	0.096663	-0.048830	0.148755	0.891309	0.047564	0.450894	-0.450253	-0.024027	0.892577	0.053288	-0.998579	-0.000000	0.197790	-0.099915	-0.041478	0.891326	-0.450862	0.047564	-0.450221	-0.892594	-0.024027	0.053288	0.000002	-0.998579	0.197790	-0.099915	-0.041478	0.891326	0.047563	0.450862	-0.450221	-0.024027	0.892594	0.053287	-0.998579	-0.000002	0.200549	-0.101309	-0.099396	0.891326	-0.450862	0.047563	-0.450221	-0.892594	-0.024027	0.053287	0.000002	-0.998579	
0.048000	0.000000	0.000000	0.000000	0.892497	0.451052	0.000000	-0.451052	0.892497	0.000000	0.000000	0.000000	1.000000	0.000000	0.000000	0.000000	0.525248	-0.721572	-0.451052	-0.265451	0.364670	-0.892497	0.808486	0.588515	0.000000	0.096646	-0.048843	0.148761	0.891222	0.047706	0.451052	-0.450408	-0.024110	0.892497	0.053452	-0.998570	-0.000000	0.197792	-0.099961	-0.041453	0.891239	-0.451019	0.047706	-0.450374	-0.892514	-0.024110	0.053452	0.000002	-0.998570	0.197792	-0.099961	-0.041453	0.891239	0.047705	0.451019	-0.450374	-0.024109	0.892514	0.053451	-0.998570	-0.000002	0.200559	-0.101359	-0.099370	0.891239	-0.451019	0.047705	-0.450374	-0.892514	-0.024109	0.053451	0.000002	-0.998570	
0.049000	0.000000	0.000000	0.000000	0.892416	0.451214	0.000000	-0.451214	0.892416	0.000000	0.000000	0.000000	1.000000	0.000000	0.000000	0.000000	0.525155	-0.721539	-0.451214	-0.265523	0.364817	-0.892416	0.808523	0.588464	0.000000	0.096628	-0.048856	0.148768	0.891132	0.047850	0.451214	-0.450565	-0.024194	0.892416	0.053619	-0.998561	-0.000000	0.197794	-0.100006	-0.041427	0.891150	-0.451179	0.047850	-0.450529	-0.892434	-0.024194	0.053619	0.000002	-0.998561	0.197794	-0.100006	-0.041427	0.891150	0.047849	0.451179	-0.450530	-0.024193	0.892434	0.053618	-0.998562	-0.000002	0.200569	-0.101410	-0.099344	0.891150	-0.451179	0.047849	-0.450530	-0.892434	-0.024193	0.053618	0.000002	-0.998562	
0.050000	0.000000	0.000000	0.000000	0.892333	0.451378	0.000000	-0.451378	0.892333	0.000000	0.000000	0.000000	1.000000	0.000000	0.000000	0.000000	0.525058	-0.721506	-0.451378	-0.265596	0.364967	-0.892333	0.808562	0.588411	0.000000	0.096611	-0.048870	0.148775	0.891041	0.047997	0.451378	-0.450725	-0.024279	0.892333	0.053788	-0.998552	-0.000000	0.197795	-0.100053	-0.041401	0.891060	-0.451341	0.047997	-0.450688	-0.892351	-0.024279	0.053788	0.000002	-0.998552	0.197795	-0.100053	-0.041401	0.891060	0.047996	0.451341	-0.450688	-0.024278	0.892351	0.053787	-0.998552	-0.000002	0.200579	-0.101461	-0.099317	0.891060	-0.451341	0.047996	-0.450688	-0.892351	-0.024278	0.053787	0.000002	-0.998552	
0.051000	0.000000	0.000000	0.000000	0.892248	0.451546	0.000000	-0.451546	0.892248	0.000000	0.000000	0.000000	1.000000	0.000000	0.000000	0.000000	0.524960	-0.721473	-0.451546	-0.265670	0.365121	-0.892248	0.808602	0.588356	0.000000	0.096593	-0.048883	0.148783	0.890948	0.048145	0.451546	-0.450888	-0.024365	0.892248	0.053960	-0.998543	-0.000000	0.197797	-0.100100	-0.041374	0.890968	-0.451507	0.048145	-0.450849	-0.892267	-0.024365	0.053960	0.000002	-0.998543	0.197797	-0.100100	-0.041374	0.890968	0.048144	0.451507	-0.450849	-0.024365	0.892267	0.053958	-0.998543	-0.000002	0.200589	-0.101513	-0.099289	0.890968	-0.451507	0.048144	-0.450849	-0.892267	-0.024365	0.053958	0.000002	-0.998543	
0.052000	0.000000	0.000000	0.000000	0.892162	0.451716	0.000000	-0.451716	0.892162	0.000000	0.000000	0.000000	1.000000	0.000000	0.000000	0.000000	0.524859	-0.721440	-0.451716	-0.265745	0.365277	-0.892162	0.808643	0.588300	0.000000	0.096574	-0.048897	0.148790	0.890854	0.048296	0.451716	-0.451054	-0.024453	0.892162	0.054134	-0.998534	-0.000000	0.197798	-0.100148	-0.041347	0.890874	-0.451676	0.048296	-0.451013	-0.892182	-0.024453	0.054134	0.000002	-0.998534	0.197798	-0.100148	-0.041347	0.890874	0.048295	0.451676	-0.451013	-0.024452	0.892182	0.054132	-0.998534	-0.000002	0.200599	-0.101567	-0.099262	0.890874	-0.451676	0.048295	-0.451013	-0.892182	-0.024452	0.054132	0.000002	-0.998534	
0.053000	0.000000	0.000000	0.000000	0.892074	0.451889	0.000000	-0.451889	0.892074	0.000000	0.000000	0.000000	1.000000	0.000000	0.000000	0.000000	0.524756	-0.721407	-0.451889	-0.265820	0.365436	-0.892074	0.808685	0.588242	0.000000	0.096555	-0.048911	0.148798	0.890757	0.048449	0.451889	-0.451222	-0.024542	0.892074	0.054310	-0.998524	-0.000000	0.197799	-0.100197	-0.041319	0.890779	-0.451847	0.048449	-0.451180	-0.892095	-0.024542	0.054310	0.000003	-0.998524	0.197799	-0.100197	-0.041319	0.890779	0.048448	0.451847	-0.451180	-0.024542	0.892095	0.054309	-0.998524	-0.000003	0.200609	-0.101621	-0.099233	0.890779	-0.451847	0.048448	-0.451180	-0.892095	-0.024542	0.054309	0.000003	-0.998524	
0.054000	0.000000	0.000000	0.000000	0.891985	0.452065	0.000000	-0.452065	0.891985	0.000000	0.000000	0.000000	1.000000	0.000000	0.000000	0.000000	0.524650	-0.721373	-0.452065	-0.265897	0.365598	-0.891985	0.808728	0.588183	0.000000	0.096536	-0.048925	0.148806	0.890660	0.048604	0.452065	-0.451394	-0.024633	0.891985	0.054490	-0.998514	-0.000000	0.197800	-0.100247	-0.041290	0.890682	-0.452022	0.048604	-0.451350	-0.892007	-0.024633	0.054490	0.000003	-0.998514	0.197800	-0.100247	-0.041290	0.890682	0.048602	0.452022	-0.451350	-0.024632	0.892007	0.054488	-0.998514	-0.000003	0.200619	-0.101675	-0.099204	0.890682	-0.452022	0.048602	-0.451350	-0.892007	-0.024632	0.054488	0.000003	-0.998514	
0.055000	0.000000	0.000000	0.000000	0.891894	0.452244	0.000000	-0.452244	0.891894	0.000000	0.000000	0.000000	1.000000	0.000000	0.000000	0.000000	0.524543	-0.721339	-0.452244	-0.265975	0.365762	-0.891894	0.808772	0.588122	0.000000	0.096516	-0.048939	0.148814	0.890560	0.048761	0.452244	-0.451568	-0.024725	0.891894	0.054671	-0.998504	-0.000000	0.197801	-0.100297	-0.041262	0.890583	-0.452199	0.048761	-0.451523	-0.891917	-0.024725	0.054671	0.000003	-0.998504	0.197801	-0.100297	-0.041262	0.890583	0.048759	0.452199	-0.451523	-0.024724	0.891917	0.054669	-0.998505	-0.000003	0.200629	-0.101731	-0.099175	0.890583	-0.452199	0.048759	-0.451523	-0.891917	-0.024724	0.054669	0.000003	-0.998505	
0.056000	0.000000	0.000000	0.000000	0.891802	0.452426	0.000000	-0.452426	0.891802	0.000000	0.000000	0.000000	1.000000	0.000000	0.000000	0.000000	0.524433	-0.721305	-0.452426	-0.266054	0.365930	-0.891802	0.808817	0.588060	0.000000	0.096496	-0.048954	0.148822	0.890459	0.048920	0.452426	-0.451745	-0.024818	0.891802	0.054855	-0.998494	-0.000000	0.197801	-0.100348	-0.041232	0.890483	-0.452379	0.048920	-0.451698	-0.891826	-0.024818	0.054855	0.000003	-0.998494	0.197801	-0.100348	-0.041232	0.890483	0.048918	0.452379	-0.451698	-0.024817	0.891826	0.054853	-0.998494	-0.000003	0.200639	-0.101787	-0.099145	0.890483	-0.452379	0.048918	-0.451698	-0.891826	-0.024817	0.054853	0.000003	-0.998494	
0.057000	0.000000	0.000000	0.000000	0.891708	0.452611	0.000000	-0.452611	0.891708	0.000000	0.000000	0.000000	1.000000	0.000000	0.000000	0.000000	0.524321	-0.721270	-0.452611	-0.266133	0.366100	-0.891708	0.808864	0.587996	0.000000	0.096475	-0.048969	0.148831	0.890356	0.049081	0.452611	-0.451925	-0.024912	0.891708	0.055041	-0.998484	-0.000000	0.197802	-0.100400	-0.041203	0.890381	-0.452562	0.049081	-0.451876	-0.891733	-0.024912	0.055041	0.000003	-0.998484	0.197802	-0.100400	-0.041203	0.890381	0.049079	0.452562	-0.451876	-0.024912	0.891733	0.055040	-0.998484	-0.000003	0.200648	-0.101844	-0.099115	0.890381	-0.452562	0.049079	-0.451876	-0.891733	-0.024912	0.055040	0.000003	-0.998484	
