# time	B0_r_i(1)	B0_r_i(2)	B0_r_i(3)	0_A_i(1,1)	0_A_i(1,2)	0_A_i(1,3)	0_A_i(2,1)	...
0.000000	0.000000	0.000000	0.000000	0.894447	0.447173	0.000000	-0.447173	0.894447	0.000000	0.000000	0.000000	1.000000	0.000000	0.000000	0.000000	0.526908	-0.722775	-0.447173	-0.263424	0.361347	-0.894447	0.808069	0.589088	0.000000	0.096951	-0.048470	0.148685	0.893390	0.043490	0.447173	-0.446644	-0.021742	0.894447	0.048622	-0.998817	-0.000000	0.197494	-0.098736	-0.042075	0.893390	-0.447173	0.043490	-0.446644	-0.894447	-0.021742	0.048622	0.000000	-0.998817	0.197494	-0.098736	-0.042075	0.893390	0.043490	0.447173	-0.446644	-0.021742	0.894447	0.048622	-0.998817	-0.000000	0.200017	-0.099997	-0.100007	0.893390	-0.447173	0.043490	-0.446644	-0.894447	-0.021742	0.048622	0.000000	-0.998817	
0.001000	0.000000	0.000000	0.000000	0.894447	0.447173	0.000000	-0.447173	0.894447	0.000000	0.000000	0.000000	1.000000	0.000000	0.000000	0.000000	0.526908	-0.722775	-0.447173	-0.263424	0.361347	-0.894447	0.808069	0.589088	0.000000	0.096951	-0.048470	0.148685	0.893390	0.043490	0.447173	-0.446644	-0.021742	0.894447	0.048622	-0.998817	-0.000000	0.197494	-0.098736	-0.042075	0.893390	-0.447173	0.043490	-0.446644	-0.894447	-0.021742	0.048622	0.000000	-0.998817	0.197494	-0.098736	-0.042075	0.893390	0.043490	0.447173	-0.446644	-0.021742	0.894447	0.048622	-0.998817	-0.000000	0.200017	-0.099997	-0.100007	0.893390	-0.447173	0.043490	-0.446644	-0.894447	-0.021742	0.048622	0.000000	-0.998817	
0.002000	0.000000	0.000000	0.000000	0.894447	0.447174	0.000000	-0.447174	0.894447	0.000000	0.000000	0.000000	1.000000	0.000000	0.000000	0.000000	0.526923	-0.722764	-0.447174	-0.263433	0.361342	-0.894447	0.808057	0.589105	0.000000	0.096954	-0.048472	0.148682	0.893388	0.043513	0.447174	-0.446645	-0.021754	0.894447	0.048647	-0.998816	-0.000000	0.197501	-0.098740	-0.042075	0.893388	-0.447174	0.043513	-0.446645	-0.894447	-0.021754	0.048647	0.000000	-0.998816	0.197501	-0.098740	-0.042075	0.893388	0.043513	0.447174	-0.446645	-0.021754	0.894447	0.048647	-0.998816	-0.000000	0.200025	-0.100002	-0.100006	0.893388	-0.447174	0.043513	-0.446645	-0.894447	-0.021754	0.048647	0.000000	-0.998816	
0.003000	0.000000	0.000000	0.000000	0.894444	0.447180	0.000000	-0.447180	0.894444	0.000000	0.000000	0.000000	1.000000	0.000000	0.000000	0.000000	0.526954	-0.722738	-0.447180	-0.263452	0.361335	-0.894444	0.808030	0.589141	0.000000	0.096960	-0.048475	0.148678	0.893382	0.043566	0.447180	-0.446649	-0.021781	0.894444	0.048707	-0.998813	-0.000000	0.197517	-0.098749	-0.042073	0.893382	-0.447180	0.043566	-0.446649	-0.894444	-0.021781	0.048707	0.000000	-0.998813	0.197517	-0.098749	-0.042073	0.893382	0.043566	0.447180	-0.446649	-0.021781	0.894444	0.048707	-0.998813	-0.000000	0.200044	-0.100012	-0.100004	0.893382	-0.447180	0.043566	-0.446649	-0.894444	-0.021781	0.048707	0.000000	-0.998813	
0.004000	0.000000	0.000000	0.000000	0.894439	0.447190	0.000000	-0.447190	0.894439	0.000000	0.000000	0.000000	1.000000	0.000000	0.000000	0.000000	0.526971	-0.722719	-0.447190	-0.263468	0.361336	-0.894439	0.808014	0.589163	0.000000	0.096963	-0.048478	0.148675	0.893376	0.043606	0.447190	-0.446658	-0.021802	0.894439	0.048752	-0.998811	-0.000000	0.197527	-0.098757	-0.042071	0.893376	-0.447190	0.043606	-0.446658	-0.894439	-0.021802	0.048752	0.000000	-0.998811	0.197527	-0.098757	-0.042071	0.893376	0.043606	0.447190	-0.446658	-0.021802	0.894439	0.048752	-0.998811	-0.000000	0.200056	-0.100021	-0.100002	0.893376	-0.447190	0.043606	-0.446658	-0.894439	-0.021802	0.048752	0.000000	-0.998811	
0.005000	0.000000	0.000000	0.000000	0.894432	0.447203	0.000000	-0.447203	0.894432	0.000000	0.000000	0.000000	1.000000	0.000000	0.000000	0.000000	0.526986	-0.722700	-0.447203	-0.263485	0.361340	-0.894432	0.807998	0.589185	0.000000	0.096965	-0.048481	0.148672	0.893367	0.043650	0.447203	-0.446671	-0.021824	0.894432	0.048802	-0.998808	-0.000000	0.197538	-0.098766	-0.042068	0.893367	-0.447203	0.043650	-0.446670	-0.894432	-0.021824	0.048802	0.000000	-0.998808	0.197538	-0.098766	-0.042068	0.893367	0.043650	0.447203	-0.446670	-0.021824	0.894432	0.048802	-0.998808	-0.000000	0.200069	-0.100032	-0.099999	0.893367	-0.447203	0.043650	-0.446670	-0.894432	-0.021824	0.048802	0.000000	-0.998808	
0.006000	0.000000	0.000000	0.000000	0.894424	0.447221	0.000000	-0.447221	0.894424	0.000000	0.000000	0.000000	1.000000	0.000000	0.000000	0.000000	0.526999	-0.722680	-0.447221	-0.263505	0.361347	-0.894424	0.807984	0.589205	0.000000	0.096968	-0.048485	0.148669	0.893356	0.043697	0.447221	-0.446687	-0.021849	0.894424	0.048854	-0.998806	-0.000000	0.197548	-0.098776	-0.042065	0.893356	-0.447221	0.043697	-0.446686	-0.894424	-0.021849	0.048854	0.000000	-0.998806	0.197548	-0.098776	-0.042065	0.893356	0.043697	0.447221	-0.446686	-0.021849	0.894424	0.048854	-0.998806	-0.000000	0.200082	-0.100043	-0.099996	0.893356	-0.447221	0.043697	-0.446686	-0.894424	-0.021849	0.048854	0.000000	-0.998806	
0.007000	0.000000	0.000000	0.000000	0.894413	0.447242	0.000000	-0.447242	0.894413	0.000000	0.000000	0.000000	1.000000	0.000000	0.000000	0.000000	0.527008	-0.722660	-0.447242	-0.263525	0.361358	-0.894413	0.807971	0.589223	0.000000	0.096970	-0.048489	0.148667	0.893343	0.043745	0.447242	-0.446707	-0.021874	0.894413	0.048910	-0.998803	-0.000000	0.197558	-0.098787	-0.042061	0.893343	-0.447242	0.043745	-0.446706	-0.894413	-0.021874	0.048910	0.000000	-0.998803	0.197558	-0.098787	-0.042061	0.893343	0.043745	0.447242	-0.446706	-0.021874	0.894413	0.048910	-0.998803	-0.000000	0.200095	-0.100056	-0.099992	0.893343	-0.447242	0.043745	-0.446706	-0.894413	-0.021874	0.048910	0.000000	-0.998803	
0.008000	0.000000	0.000000	0.000000	0.894401	0.447267	0.000000	-0.447267	0.894401	0.000000	0.000000	0.000000	1.000000	0.000000	0.000000	0.000000	0.527015	-0.722639	-0.447267	-0.263547	0.361373	-0.894401	0.807959	0.589239	0.000000	0.096971	-0.048493	0.148664	0.893328	0.043797	0.447267	-0.446730	-0.021902	0.894401	0.048968	-0.998800	-0.000000	0.197568	-0.098799	-0.042057	0.893328	-0.447266	0.043797	-0.446730	-0.894401	-0.021902	0.048968	0.000000	-0.998800	0.197568	-0.098799	-0.042057	0.893328	0.043797	0.447266	-0.446730	-0.021902	0.894401	0.048968	-0.998800	-0.000000	0.200108	-0.100069	-0.099987	0.893328	-0.447266	0.043797	-0.446730	-0.894401	-0.021902	0.048968	0.000000	-0.998800	
0.009000	0.000000	0.000000	0.000000	0.894386	0.447296	0.000000	-0.447296	0.894386	0.000000	0.000000	0.000000	1.000000	0.000000	0.000000	0.000000	0.527020	-0.722618	-0.447296	-0.263570	0.361392	-0.894386	0.807948	0.589253	0.000000	0.096972	-0.048497	0.148663	0.893311	0.043851	0.447296	-0.446758	-0.021930	0.894386	0.049029	-0.998797	-0.000000	0.197577	-0.098811	-0.042052	0.893311	-0.447295	0.043851	-0.446757	-0.894387	-0.021930	0.049029	0.000000	-0.998797	0.197577	-0.098811	-0.042052	0.893311	0.043851	0.447295	-0.446757	-0.021930	0.894387	0.049029	-0.998797	-0.000000	0.200121	-0.100083	-0.099982	0.893311	-0.447295	0.043851	-0.446757	-0.894387	-0.021930	0.049029	0.000000	-0.998797	
0.010000	0.000000	0.000000	0.000000	0.894370	0.447328	0.000000	-0.447328	0.894370	0.000000	0.000000	0.000000	1.000000	0.000000	0.000000	0.000000	0.527022	-0.722597	-0.447328	-0.263595	0.361414	-0.894370	0.807939	0.589266	0.000000	0.096972	-0.048501	0.148661	0.893292	0.043907	0.447328	-0.446789	-0.021961	0.894370	0.049093	-0.998794	-0.000000	0.197587	-0.098825	-0.042046	0.893292	-0.447327	0.043907	-0.446788	-0.894371	-0.021961	0.049093	0.000000	-0.998794	0.197587	-0.098825	-0.042046	0.893292	0.043907	0.447327	-0.446788	-0.021961	0.894371	0.049093	-0.998794	-0.000000	0.200133	-0.100099	-0.099976	0.893292	-0.447327	0.043907	-0.446788	-0.894371	-0.021961	0.049093	0.000000	-0.998794	
0.011000	0.000000	0.000000	0.000000	0.894352	0.447364	0.000000	-0.447364	0.894352	0.000000	0.000000	0.000000	1.000000	0.000000	0.000000	0.000000	0.527021	-0.722575	-0.447364	-0.263621	0.361439	-0.894352	0.807931	0.589277	0.000000	0.096972	-0.048506	0.148659	0.893271	0.043966	0.447364	-0.446823	-0.021992	0.894352	0.049159	-0.998791	-0.000000	0.197596	-0.098840	-0.042040	0.893271	-0.447363	0.043966	-0.446822	-0.894353	-0.021992	0.049159	0.000000	-0.998791	0.197596	-0.098840	-0.042040	0.893271	0.043966	0.447363	-0.446822	-0.021992	0.894353	0.049159	-0.998791	-0.000000	0.200146	-0.100115	-0.099970	0.893271	-0.447363	0.043966	-0.446822	-0.894353	-0.021992	0.049159	0.000000	-0.998791	
0.012000	0.000000	0.000000	0.000000	0.894332	0.447404	0.000000	-0.447404	0.894332	0.000000	0.000000	0.000000	1.000000	0.000000	0.000000	0.000000	0.527017	-0.722553	-0.447404	-0.263649	0.361469	-0.894332	0.807925	0.589286	0.000000	0.096971	-0.048511	0.148658	0.893248	0.044027	0.447404	-0.446861	-0.022025	0.894332	0.049229	-0.998788	-0.000000	0.197605	-0.098855	-0.042034	0.893249	-0.447402	0.044027	-0.446860	-0.894333	-0.022025	0.049229	0.000000	-0.998788	0.197605	-0.098855	-0.042034	0.893249	0.044027	0.447402	-0.446860	-0.022025	0.894333	0.049229	-0.998788	-0.000000	0.200158	-0.100132	-0.099963	0.893249	-0.447402	0.044027	-0.446860	-0.894333	-0.022025	0.049229	0.000000	-0.998788	
0.013000	0.000000	0.000000	0.000000	0.894310	0.447447	0.000000	-0.447447	0.894310	0.000000	0.000000	0.000000	1.000000	0.000000	0.000000	0.000000	0.527011	-0.722530	-0.447447	-0.263678	0.361501	-0.894310	0.807919	0.589293	0.000000	0.096970	-0.048517	0.148657	0.893223	0.044090	0.447447	-0.446903	-0.022060	0.894310	0.049301	-0.998784	-0.000000	0.197614	-0.098871	-0.042027	0.893224	-0.447445	0.044090	-0.446901	-0.894311	-0.022060	0.049301	0.000000	-0.998784	0.197614	-0.098871	-0.042027	0.893224	0.044090	0.447445	-0.446901	-0.022060	0.894311	0.049301	-0.998784	-0.000000	0.200171	-0.100151	-0.099956	0.893224	-0.447445	0.044090	-0.446901	-0.894311	-0.022060	0.049301	0.000000	-0.998784	
0.014000	0.000000	0.000000	0.000000	0.894287	0.447494	0.000000	-0.447494	0.894287	0.000000	0.000000	0.000000	1.000000	0.000000	0.000000	0.000000	0.527002	-0.722508	-0.447494	-0.263708	0.361537	-0.894287	0.807915	0.589299	0.000000	0.096968	-0.048522	0.148656	0.893196	0.044156	0.447494	-0.446949	-0.022095	0.894287	0.049376	-0.998780	-0.000000	0.197622	-0.098889	-0.042019	0.893197	-0.447492	0.044156	-0.446946	-0.894288	-0.022095	0.049376	0.000000	-0.998780	0.197622	-0.098889	-0.042019	0.893197	0.044156	0.447492	-0.446946	-0.022095	0.894288	0.049376	-0.998780	-0.000000	0.200183	-0.100170	-0.099948	0.893197	-0.447492	0.044156	-0.446946	-0.894288	-0.022095	0.049376	0.000000	-0.998780	
0.015000	0.000000	0.000000	0.000000	0.894261	0.447545	0.000000	-0.447545	0.894261	0.000000	0.000000	0.000000	1.000000	0.000000	0.000000	0.000000	0.526991	-0.722485	-0.447545	-0.263740	0.361577	-0.894261	0.807912	0.589303	0.000000	0.096966	-0.048528	0.148656	0.893167	0.044225	0.447545	-0.446997	-0.022133	0.894261	0.049454	-0.998776	-0.000000	0.197631	-0.098907	-0.042011	0.893169	-0.447542	0.044225	-0.446995	-0.894263	-0.022133	0.049454	0.000000	-0.998776	0.197631	-0.098907	-0.042011	0.893169	0.044225	0.447542	-0.446995	-0.022133	0.894263	0.049454	-0.998776	-0.000000	0.200196	-0.100191	-0.099940	0.893169	-0.447542	0.044225	-0.446995	-0.894263	-0.022133	0.049454	0.000000	-0.998776	
0.016000	0.000000	0.000000	0.000000	0.894234	0.447599	0.000000	-0.447599	0.894234	0.000000	0.000000	0.000000	1.000000	0.000000	0.000000	0.000000	0.526977	-0.722461	-0.447599	-0.263773	0.361620	-0.894234	0.807910	0.589305	0.000000	0.096964	-0.048534	0.148656	0.893136	0.044295	0.447599	-0.447050	-0.022172	0.894234	0.049534	-0.998772	-0.000000	0.197639	-0.098926	-0.042002	0.893138	-0.447596	0.044295	-0.447047	-0.894236	-0.022172	0.049534	0.000000	-0.998772	0.197639	-0.098926	-0.042002	0.893138	0.044295	0.447596	-0.447047	-0.022172	0.894236	0.049534	-0.998772	-0.000000	0.200208	-0.100212	-0.099931	0.893138	-0.447596	0.044295	-0.447047	-0.894236	-0.022172	0.049534	0.000000	-0.998772	
0.017000	0.000000	0.000000	0.000000	0.894205	0.447657	0.000000	-0.447657	0.894205	0.000000	0.000000	0.000000	1.000000	0.000000	0.000000	0.000000	0.526960	-0.722437	-0.447657	-0.263807	0.361667	-0.894205	0.807910	0.589306	0.000000	0.096961	-0.048540	0.148655	0.893104	0.044368	0.447657	-0.447106	-0.022212	0.894205	0.049618	-0.998768	-0.000000	0.197647	-0.098946	-0.041992	0.893106	-0.447654	0.044368	-0.447102	-0.894207	-0.022212	0.049618	0.000000	-0.998768	0.197647	-0.098946	-0.041992	0.893106	0.044368	0.447654	-0.447102	-0.022212	0.894207	0.049618	-0.998768	-0.000000	0.200220	-0.100234	-0.099921	0.893106	-0.447654	0.044368	-0.447102	-0.894207	-0.022212	0.049618	0.000000	-0.998768	
0.018000	0.000000	0.000000	0.000000	0.894174	0.447719	0.000000	-0.447719	0.894174	0.000000	0.000000	0.000000	1.000000	0.000000	0.000000	0.000000	0.526941	-0.722413	-0.447719	-0.263843	0.361717	-0.894174	0.807911	0.589304	0.000000	0.096957	-0.048547	0.148656	0.893069	0.044444	0.447719	-0.447165	-0.022253	0.894174	0.049704	-0.998764	-0.000000	0.197654	-0.098967	-0.041983	0.893071	-0.447715	0.044444	-0.447161	-0.894176	-0.022253	0.049704	0.000000	-0.998764	0.197654	-0.098967	-0.041983	0.893071	0.044444	0.447715	-0.447161	-0.022253	0.894176	0.049704	-0.998764	-0.000000	0.200232	-0.100257	-0.099911	0.893071	-0.447715	0.044444	-0.447161	-0.894176	-0.022253	0.049704	0.000000	-0.998764	
0.019000	0.000000	0.000000	0.000000	0.894142	0.447784	0.000000	-0.447784	0.894142	0.000000	0.000000	0.000000	1.000000	0.000000	0.000000	0.000000	0.526919	-0.722389	-0.447784	-0.263880	0.361771	-0.894142	0.807913	0.589302	0.000000	0.096953	-0.048554	0.148656	0.893033	0.044522	0.447784	-0.447228	-0.022296	0.894142	0.049793	-0.998760	-0.000000	0.197662	-0.098988	-0.041972	0.893035	-0.447779	0.044522	-0.447224	-0.894144	-0.022296	0.049793	0.000000	-0.998760	0.197662	-0.098988	-0.041972	0.893035	0.044522	0.447779	-0.447224	-0.022296	0.894144	0.049793	-0.998760	-0.000000	0.200244	-0.100282	-0.099900	0.893035	-0.447779	0.044522	-0.447224	-0.894144	-0.022296	0.049793	0.000000	-0.998760	
0.020000	0.000000	0.000000	0.000000	0.894107	0.447852	0.000000	-0.447852	0.894107	0.000000	0.000000	0.000000	1.000000	0.000000	0.000000	0.000000	0.526895	-0.722364	-0.447852	-0.263918	0.361827	-0.894107	0.807917	0.589297	0.000000	0.096949	-0.048561	0.148657	0.892994	0.044602	0.447852	-0.447295	-0.022341	0.894107	0.049884	-0.998755	-0.000000	0.197669	-0.099011	-0.041961	0.892997	-0.447847	0.044602	-0.447290	-0.894110	-0.022341	0.049884	0.000000	-0.998755	0.197669	-0.099011	-0.041961	0.892997	0.044602	0.447847	-0.447290	-0.022341	0.894110	0.049884	-0.998755	-0.000000	0.200256	-0.100307	-0.099889	0.892997	-0.447847	0.044602	-0.447290	-0.894110	-0.022341	0.049884	0.000000	-0.998755	
0.021000	0.000000	0.000000	0.000000	0.894071	0.447925	0.000000	-0.447925	0.894071	0.000000	0.000000	0.000000	1.000000	0.000000	0.000000	0.000000	0.526868	-0.722339	-0.447925	-0.263958	0.361888	-0.894071	0.807921	0.589291	0.000000	0.096944	-0.048568	0.148658	0.892954	0.044685	0.447925	-0.447365	-0.022387	0.894071	0.049979	-0.998750	-0.000000	0.197676	-0.099035	-0.041950	0.892957	-0.447919	0.044685	-0.447359	-0.894074	-0.022387	0.049979	0.000000	-0.998750	0.197676	-0.099035	-0.041950	0.892957	0.044685	0.447919	-0.447359	-0.022387	0.894074	0.049979	-0.998750	-0.000000	0.200268	-0.100333	-0.099877	0.892957	-0.447919	0.044685	-0.447359	-0.894074	-0.022387	0.049979	0.000000	-0.998750	
0.022000	0.000000	0.000000	0.000000	0.894033	0.448000	0.000000	-0.448000	0.894033	0.000000	0.000000	0.000000	1.000000	0.000000	0.000000	0.000000	0.526838	-0.722314	-0.448000	-0.263999	0.361952	-0.894033	0.807927	0.589282	0.000000	0.096938	-0.048576	0.148659	0.892912	0.044770	0.448000	-0.447438	-0.022434	0.894033	0.050076	-0.998745	-0.000000	0.197683	-0.099059	-0.041938	0.892915	-0.447994	0.044770	-0.447432	-0.894037	-0.022434	0.050076	0.000000	-0.998745	0.197683	-0.099059	-0.041938	0.892915	0.044770	0.447994	-0.447432	-0.022434	0.894037	0.050076	-0.998745	-0.000000	0.200280	-0.100360	-0.099865	0.892915	-0.447994	0.044770	-0.447432	-0.894037	-0.022434	0.050076	0.000000	-0.998745	
0.023000	0.000000	0.000000	0.000000	0.893994	0.448079	0.000000	-0.448079	0.893994	0.000000	0.000000	0.000000	1.000000	0.000000	0.000000	0.000000	0.526806	-0.722288	-0.448079	-0.264041	0.362019	-0.893994	0.807934	0.589273	0.000000	0.096932	-0.048584	0.148660	0.892868	0.044857	0.448079	-0.447515	-0.022483	0.893994	0.050176	-0.998740	-0.000000	0.197690	-0.099084	-0.041925	0.892871	-0.448072	0.044857	-0.447508	-0.893997	-0.022483	0.050176	0.000000	-0.998740	0.197690	-0.099084	-0.041925	0.892871	0.044857	0.448072	-0.447508	-0.022483	0.893997	0.050176	-0.998740	-0.000000	0.200291	-0.100388	-0.099852	0.892871	-0.448072	0.044857	-0.447508	-0.893997	-0.022483	0.050176	0.000000	-0.998740	
0.024000	0.000000	0.000000	0.000000	0.893952	0.448162	0.000000	-0.448162	0.893952	0.000000	0.000000	0.000000	1.000000	0.000000	0.000000	0.000000	0.526771	-0.722262	-0.448162	-0.264084	0.362089	-0.893952	0.807943	0.589261	0.000000	0.096926	-0.048592	0.148661	0.892822	0.044946	0.448162	-0.447595	-0.022533	0.893952	0.050278	-0.998735	-0.000000	0.197696	-0.099110	-0.041912	0.892826	-0.448154	0.044946	-0.447587	-0.893956	-0.022533	0.050278	0.000000	-0.998735	0.197696	-0.099110	-0.041912	0.892826	0.044946	0.448154	-0.447587	-0.022533	0.893956	0.050278	-0.998735	-0.000000	0.200303	-0.100417	-0.099839	0.892826	-0.448154	0.044946	-0.447587	-0.893956	-0.022533	0.050278	0.000000	-0.998735	
0.025000	0.000000	0.000000	0.000000	0.893909	0.448248	0.000000	-0.448248	0.893909	0.000000	0.000000	0.000000	1.000000	0.000000	0.000000	0.000000	0.526734	-0.722236	-0.448248	-0.264129	0.362163	-0.893909	0.807952	0.589248	0.000000	0.096919	-0.048600	0.148663	0.892774	0.045038	0.448248	-0.447679	-0.022584	0.893909	0.050384	-0.998730	-0.000000	0.197702	-0.099137	-0.041898	0.892778	-0.448240	0.045038	-0.447670	-0.893913	-0.022584	0.050384	0.000000	-0.998730	0.197702	-0.099137	-0.041898	0.892778	0.045038	0.448240	-0.447670	-0.022584	0.893913	0.050384	-0.998730	-0.000000	0.200315	-0.100447	-0.099825	0.892778	-0.448240	0.045038	-0.447670	-0.893913	-0.022584	0.050384	0.000000	-0.998730	
0.026000	0.000000	0.000000	0.000000	0.893864	0.448337	0.000000	-0.448337	0.893864	0.000000	0.000000	0.000000	1.000000	0.000000	0.000000	0.000000	0.526695	-0.722209	-0.448337	-0.264175	0.362240	-0.893864	0.807963	0.589233	0.000000	0.096912	-0.048608	0.148665	0.892724	0.045133	0.448337	-0.447765	-0.022637	0.893864	0.050492	-0.998724	-0.000000	0.197708	-0.099165	-0.041884	0.892729	-0.448328	0.045133	-0.447756	-0.893869	-0.022637	0.050492	0.000001	-0.998724	0.197708	-0.099165	-0.041884	0.892729	0.045133	0.448328	-0.447756	-0.022637	0.893869	0.050492	-0.998724	-0.000001	0.200326	-0.100478	-0.099810	0.892729	-0.448328	0.045133	-0.447756	-0.893869	-0.022637	0.050492	0.000001	-0.998724	
0.027000	0.000000	0.000000	0.000000	0.893818	0.448430	0.000000	-0.448430	0.893818	0.000000	0.000000	0.000000	1.000000	0.000000	0.000000	0.000000	0.526652	-0.722183	-0.448430	-0.264223	0.362320	-0.893818	0.807975	0.589217	0.000000	0.096904	-0.048617	0.148667	0.892673	0.045229	0.448430	-0.447856	-0.022692	0.893818	0.050602	-0.998719	-0.000000	0.197714	-0.099194	-0.041869	0.892678	-0.448420	0.045229	-0.447846	-0.893823	-0.022692	0.050602	0.000001	-0.998719	0.197714	-0.099194	-0.041869	0.892678	0.045229	0.448420	-0.447846	-0.022692	0.893823	0.050602	-0.998719	-0.000001	0.200338	-0.100510	-0.099795	0.892678	-0.448420	0.045229	-0.447846	-0.893823	-0.022692	0.050602	0.000001	-0.998719	
0.028000	0.000000	0.000000	0.000000	0.893770	0.448526	0.000000	-0.448526	0.893770	0.000000	0.000000	0.000000	1.000000	0.000000	0.000000	0.000000	0.526608	-0.722155	-0.448526	-0.264271	0.362404	-0.893770	0.807988	0.589198	0.000000	0.096896	-0.048626	0.148670	0.892619	0.045328	0.448526	-0.447949	-0.022747	0.893770	0.050716	-0.998713	-0.000000	0.197720	-0.099223	-0.041854	0.892625	-0.448516	0.045328	-0.447938	-0.893775	-0.022747	0.050716	0.000001	-0.998713	0.197720	-0.099223	-0.041854	0.892625	0.045328	0.448516	-0.447938	-0.022747	0.893775	0.050716	-0.998713	-0.000001	0.200349	-0.100542	-0.099780	0.892625	-0.448516	0.045328	-0.447938	-0.893775	-0.022747	0.050716	0.000001	-0.998713	
0.029000	0.000000	0.000000	0.000000	0.893720	0.448626	0.000000	-0.448626	0.893720	0.000000	0.000000	0.000000	1.000000	0.000000	0.000000	0.000000	0.526560	-0.722128	-0.448626	-0.264321	0.362491	-0.893720	0.808003	0.589179	0.000000	0.096887	-0.048635	0.148673	0.892564	0.045429	0.448626	-0.448046	-0.022804	0.893720	0.050832	-0.998707	-0.000000	0.197725	-0.099253	-0.041838	0.892570	-0.448614	0.045429	-0.448034	-0.893725	-0.022804	0.050832	0.000001	-0.998707	0.197725	-0.099253	-0.041838	0.892570	0.045429	0.448614	-0.448034	-0.022804	0.893725	0.050832	-0.998707	-0.000001	0.200360	-0.100576	-0.099763	0.892570	-0.448614	0.045429	-0.448034	-0.893725	-0.022804	0.050832	0.000001	-0.998707	
0.030000	0.000000	0.000000	0.000000	0.893668	0.448729	0.000000	-0.448729	0.893668	0.000000	0.000000	0.000000	1.000000	0.000000	0.000000	0.000000	0.526511	-0.722100	-0.448729	-0.264372	0.362581	-0.893668	0.808019	0.589157	0.000000	0.096878	-0.048644	0.148675	0.892507	0.045533	0.448729	-0.448146	-0.022863	0.893668	0.050950	-0.998701	-0.000000	0.197731	-0.099285	-0.041822	0.892513	-0.448716	0.045533	-0.448134	-0.893674	-0.022863	0.050950	0.000001	-0.998701	0.197731	-0.099285	-0.041822	0.892513	0.045533	0.448716	-0.448134	-0.022863	0.893674	0.050950	-0.998701	-0.000001	0.200372	-0.100611	-0.099747	0.892513	-0.448716	0.045533	-0.448134	-0.893674	-0.022863	0.050950	0.000001	-0.998701	
0.031000	0.000000	0.000000	0.000000	0.893615	0.448835	0.000000	-0.448835	0.893615	0.000000	0.000000	0.000000	1.000000	0.000000	0.000000	0.000000	0.526459	-0.722072	-0.448835	-0.264424	0.362675	-0.893615	0.808035	0.589134	0.000000	0.096868	-0.048654	0.148679	0.892448	0.045638	0.448835	-0.448249	-0.022923	0.893615	0.051072	-0.998695	-0.000000	0.197736	-0.099317	-0.041805	0.892455	-0.448822	0.045638	-0.448236	-0.893621	-0.022923	0.051072	0.000001	-0.998695	0.197736	-0.099317	-0.041805	0.892455	0.045638	0.448822	-0.448236	-0.022923	0.893621	0.051072	-0.998695	-0.000001	0.200383	-0.100646	-0.099730	0.892455	-0.448822	0.045638	-0.448236	-0.893621	-0.022923	0.051072	0.000001	-0.998695	
0.032000	0.000000	0.000000	0.000000	0.893560	0.448945	0.000000	-0.448945	0.893560	0.000000	0.000000	0.000000	1.000000	0.000000	0.000000	0.000000	0.526404	-0.722044	-0.448945	-0.264477	0.362771	-0.893560	0.808054	0.589109	0.000000	0.096858	-0.048664	0.148682	0.892388	0.045746	0.448945	-0.448356	-0.022984	0.893560	0.051196	-0.998689	-0.000000	0.197741	-0.099349	-0.041788	0.892395	-0.448930	0.045746	-0.448342	-0.893567	-0.022984	0.051196	0.000001	-0.998689	0.197741	-0.099349	-0.041788	0.892395	0.045746	0.448930	-0.448342	-0.022984	0.893567	0.051196	-0.998689	-0.000001	0.200394	-0.100682	-0.099712	0.892395	-0.448930	0.045746	-0.448342	-0.893567	-0.022984	0.051196	0.000001	-0.998689	
0.033000	0.000000	0.000000	0.000000	0.893503	0.449058	0.000000	-0.449058	0.893503	0.000000	0.000000	0.000000	1.000000	0.000000	0.000000	0.000000	0.526347	-0.722015	-0.449058	-0.264532	0.362871	-0.893503	0.808073	0.589082	0.000000	0.096848	-0.048674	0.148685	0.892325	0.045857	0.449058	-0.448466	-0.023047	0.893503	0.051322	-0.998682	-0.000000	0.197745	-0.099383	-0.041770	0.892333	-0.449042	0.045857	-0.448451	-0.893510	-0.023047	0.051322	0.000001	-0.998682	0.197745	-0.099383	-0.041770	0.892333	0.045857	0.449042	-0.448451	-0.023047	0.893510	0.051322	-0.998682	-0.000001	0.200405	-0.100720	-0.099694	0.892333	-0.449042	0.045857	-0.448451	-0.893510	-0.023047	0.051322	0.000001	-0.998682	
0.034000	0.000000	0.000000	0.000000	0.893444	0.449174	0.000000	-0.449174	0.893444	0.000000	0.000000	0.000000	1.000000	0.000000	0.000000	0.000000	0.526287	-0.721987	-0.449174	-0.264588	0.362974	-0.893444	0.808093	0.589054	0.000000	0.096837	-0.048684	0.148689	0.892261	0.045969	0.449174	-0.448579	-0.023111	0.893444	0.051452	-0.998675	-0.000000	0.197750	-0.099417	-0.041752	0.892269	-0.449157	0.045969	-0.448563	-0.893453	-0.023111	0.051452	0.000001	-0.998675	0.197750	-0.099417	-0.041752	0.892269	0.045969	0.449157	-0.448563	-0.023111	0.893453	0.051452	-0.998675	-0.000001	0.200416	-0.100758	-0.099675	0.892269	-0.449157	0.045969	-0.448563	-0.893453	-0.023111	0.051452	0.000001	-0.998675	
0.035000	0.000000	0.000000	0.000000	0.893384	0.449293	0.000000	-0.449293	0.893384	0.000000	0.000000	0.000000	1.000000	0.000000	0.000000	0.000000	0.526225	-0.721957	-0.449293	-0.264645	0.363081	-0.893384	0.808115	0.589025	0.000000	0.096825	-0.048695	0.148693	0.892195	0.046084	0.449293	-0.448695	-0.023176	0.893384	0.051584	-0.998669	-0.000000	0.197754	-0.099453	-0.041733	0.892204	-0.449276	0.046084	-0.448678	-0.893393	-0.023176	0.051584	0.000001	-0.998669	0.197754	-0.099453	-0.041733	0.892204	0.046084	0.449276	-0.448678	-0.023176	0.893393	0.051584	-0.998669	-0.000001	0.200427	-0.100797	-0.099656	0.892204	-0.449276	0.046084	-0.448678	-0.893393	-0.023176	0.051584	0.000001	-0.998669	
0.036000	0.000000	0.000000	0.000000	0.893323	0.449416	0.000000	-0.449416	0.893323	0.000000	0.000000	0.000000	1.000000	0.000000	0.000000	0.000000	0.526161	-0.721928	-0.449416	-0.264703	0.363190	-0.893323	0.808138	0.588993	0.000000	0.096814	-0.048705	0.148697	0.892127	0.046201	0.449416	-0.448814	-0.023243	0.893323	0.051718	-0.998662	-0.000000	0.197758	-0.099489	-0.041713	0.892136	-0.449397	0.046201	-0.448796	-0.893332	-0.023243	0.051718	0.000001	-0.998662	0.197758	-0.099489	-0.041713	0.892136	0.046201	0.449397	-0.448796	-0.023243	0.893332	0.051718	-0.998662	-0.000001	0.200438	-0.100837	-0.099636	0.892136	-0.449397	0.046201	-0.448796	-0.893332	-0.023243	0.051718	0.000001	-0.998662	
0.037000	0.000000	0.000000	0.000000	0.893259	0.449542	0.000000	-0.449542	0.893259	0.000000	0.000000	0.000000	1.000000	0.000000	0.000000	0.000000	0.526094	-0.721898	-0.449542	-0.264762	0.363303	-0.893259	0.808162	0.588960	0.000000	0.096801	-0.048716	0.148702	0.892058	0.046320	0.449542	-0.448937	-0.023311	0.893259	0.051855	-0.998655	-0.000000	0.197762	-0.099526	-0.041693	0.892067	-0.449522	0.046320	-0.448917	-0.893269	-0.023311	0.051855	0.000001	-0.998655	0.197762	-0.099526	-0.041693	0.892067	0.046320	0.449522	-0.448917	-0.023311	0.893269	0.051855	-0.998655	-0.000001	0.200449	-0.100878	-0.099615	0.892067	-0.449522	0.046320	-0.448917	-0.893269	-0.023311	0.051855	0.000001	-0.998655	
0.038000	0.000000	0.000000	0.000000	0.893194	0.449671	0.000000	-0.449671	0.893194	0.000000	0.000000	0.000000	1.000000	0.000000	0.000000	0.000000	0.526025	-0.721868	-0.449671	-0.264823	0.363418	-0.893194	0.808187	0.588925	0.000000	0.096789	-0.048727	0.148706	0.891986	0.046442	0.449671	-0.449063	-0.023381	0.893194	0.051995	-0.998647	-0.000000	0.197766	-0.099563	-0.041673	0.891997	-0.449650	0.046442	-0.449042	-0.893205	-0.023381	0.051995	0.000001	-0.998647	0.197766	-0.099563	-0.041673	0.891997	0.046442	0.449650	-0.449042	-0.023381	0.893205	0.051995	-0.998647	-0.000001	0.200459	-0.100919	-0.099594	0.891997	-0.449650	0.046442	-0.449042	-0.893205	-0.023381	0.051995	0.000001	-0.998647	
0.039000	0.000000	0.000000	0.000000	0.893128	0.449803	0.000000	-0.449803	0.893128	0.000000	0.000000	0.000000	1.000000	0.000000	0.000000	0.000000	0.525953	-0.721838	-0.449803	-0.264884	0.363537	-0.893128	0.808214	0.588889	0.000000	0.096775	-0.048739	0.148711	0.891913	0.046565	0.449803	-0.449191	-0.023452	0.893128	0.052137	-0.998640	-0.000000	0.197769	-0.099602	-0.041652	0.891924	-0.449781	0.046565	-0.449169	-0.893139	-0.023452	0.052137	0.000001	-0.998640	0.197769	-0.099602	-0.041652	0.891924	0.046565	0.449781	-0.449169	-0.023452	0.893139	0.052137	-0.998640	-0.000001	0.200470	-0.100962	-0.099573	0.891924	-0.449781	0.046565	-0.449169	-0.893139	-0.023452	0.052137	0.000001	-0.998640	
0.040000	0.000000	0.000000	0.000000	0.893060	0.449938	0.000000	-0.449938	0.893060	0.000000	0.000000	0.000000	1.000000	0.000000	0.000000	0.000000	0.525879	-0.721808	-0.449938	-0.264947	0.363659	-0.893060	0.808242	0.588851	0.000000	0.096762	-0.048750	0.148716	0.891838	0.046691	0.449938	-0.449323	-0.023524	0.893060	0.052282	-0.998632	-0.000000	0.197773	-0.099641	-0.041630	0.891850	-0.449915	0.046691	-0.449300	-0.893071	-0.023524	0.052282	0.000001	-0.998632	0.197773	-0.099641	-0.041630	0.891850	0.046691	0.449915	-0.449300	-0.023524	0.893071	0.052282	-0.998632	-0.000001	0.200481	-0.101006	-0.099551	0.891850	-0.449915	0.046691	-0.449300	-0.893071	-0.023524	0.052282	0.000001	-0.998632	
0.041000	0.000000	0.000000	0.000000	0.892990	0.450077	0.000000	-0.450077	0.892990	0.000000	0.000000	0.000000	1.000000	0.000000	0.000000	0.000000	0.525803	-0.721777	-0.450077	-0.265010	0.363784	-0.892990	0.808270	0.588812	0.000000	0.096748	-0.048762	0.148722	0.891762	0.046819	0.450077	-0.449458	-0.023597	0.892990	0.052430	-0.998625	-0.000000	0.197776	-0.099681	-0.041608	0.891774	-0.450052	0.046819	-0.449433	-0.893002	-0.023597	0.052430	0.000001	-0.998625	0.197776	-0.099681	-0.041608	0.891774	0.046819	0.450052	-0.449433	-0.023597	0.893002	0.052430	-0.998625	-0.000001	0.200491	-0.101050	-0.099529	0.891774	-0.450052	0.046819	-0.449433	-0.893002	-0.023597	0.052430	0.000001	-0.998625	
0.042000	0.000000	0.000000	0.000000	0.892918	0.450219	0.000000	-0.450219	0.892918	0.000000	0.000000	0.000000	1.000000	0.000000	0.000000	0.000000	0.525724	-0.721746	-0.450219	-0.265075	0.363912	-0.892918	0.808300	0.588770	0.000000	0.096733	-0.048774	0.148727	0.891683	0.046949	0.450219	-0.449596	-0.023672	0.892918	0.052580	-0.998617	-0.000000	0.197779	-0.099722	-0.041586	0.891696	-0.450193	0.046949	-0.449570	-0.892931	-0.023672	0.052580	0.000002	-0.998617	0.197779	-0.099722	-0.041586	0.891696	0.046949	0.450193	-0.449570	-0.023672	0.892931	0.052580	-0.998617	-0.000002	0.200502	-0.101095	-0.099506	0.891696	-0.450193	0.046949	-0.449570	-0.892931	-0.023672	0.052580	0.000002	-0.998617	
0.043000	0.000000	0.000000	0.000000	0.892845	0.450363	0.000000	-0.450363	0.892845	0.000000	0.000000	0.000000	1.000000	0.000000	0.000000	0.000000	0.525643	-0.721715	-0.450363	-0.265141	0.364043	-0.892845	0.808331	0.588728	0.000000	0.096718	-0.048786	0.148733	0.891603	0.047082	0.450363	-0.449737	-0.023749	0.892845	0.052732	-0.998609	-0.000000	0.197781	-0.099764	-0.041563	0.891617	-0.450336	0.047082	-0.449710	-0.892859	-0.023749	0.052732	0.000002	-0.998609	0.197781	-0.099764	-0.041563	0.891617	0.047082	0.450336	-0.449710	-0.023749	0.892859	0.052732	-0.998609	-0.000002	0.200512	-0.101141	-0.099482	0.891617	-0.450336	0.047082	-0.449710	-0.892859	-0.023749	0.052732	0.000002	-0.998609	
0.044000	0.000000	0.000000	0.000000	0.892771	0.450511	0.000000	-0.450511	0.892771	0.000000	0.000000	0.000000	1.000000	0.000000	0.000000	0.000000	0.525559	-0.721684	-0.450511	-0.265208	0.364177	-0.892771	0.808364	0.588683	0.000000	0.096703	-0.048798	0.148739	0.891521	0.047216	0.450511	-0.449881	-0.023826	0.892771	0.052888	-0.998600	-0.000000	0.197784	-0.099806	-0.041539	0.891536	-0.450483	0.047216	-0.449852	-0.892785	-0.023826	0.052888	0.000002	-0.998600	0.197784	-0.099806	-0.041539	0.891536	0.047217	0.450483	-0.449852	-0.023826	0.892785	0.052888	-0.998600	-0.000002	0.200523	-0.101188	-0.099458	0.891536	-0.450483	0.047217	-0.449852	-0.892785	-0.023826	0.052888	0.000002	-0.998600	
0.045000	0.000000	0.000000	0.000000	0.892695	0.450662	0.000000	-0.450662	0.892695	0.000000	0.000000	0.000000	1.000000	0.000000	0.000000	0.000000	0.525473	-0.721652	-0.450662	-0.265276	0.364314	-0.892695	0.808397	0.588637	0.000000	0.096687	-0.048811	0.148745	0.891438	0.047353	0.450662	-0.450028	-0.023905	0.892695	0.053045	-0.998592	-0.000000	0.197786	-0.099849	-0.041515	0.891453	-0.450632	0.047353	-0.449998	-0.892710	-0.023905	0.053045	0.000002	-0.998592	0.197786	-0.099849	-0.041515	0.891453	0.047353	0.450632	-0.449998	-0.023906	0.892710	0.053045	-0.998592	-0.000002	0.200533	-0.101236	-0.099434	0.891453	-0.450632	0.047353	-0.449998	-0.892710	-0.023906	0.053045	0.000002	-0.998592	
0.046000	0.000000	0.000000	0.000000	0.892617	0.450816	0.000000	-0.450816	0.892617	0.000000	0.000000	0.000000	1.000000	0.000000	0.000000	0.000000	0.525385	-0.721620	-0.450816	-0.265346	0.364454	-0.892617	0.808432	0.588590	0.000000	0.096671	-0.048824	0.148751	0.891353	0.047492	0.450816	-0.450177	-0.023986	0.892617	0.053206	-0.998584	-0.000000	0.197789	-0.099893	-0.041491	0.891368	-0.450785	0.047492	-0.450146	-0.892633	-0.023986	0.053206	0.000002	-0.998584	0.197789	-0.099893	-0.041491	0.891368	0.047492	0.450785	-0.450146	-0.023986	0.892633	0.053206	-0.998584	-0.000002	0.200543	-0.101284	-0.099409	0.891368	-0.450785	0.047492	-0.450146	-0.892633	-0.023986	0.053206	0.000002	-0.998584	
0.047000	0.000000	0.000000	0.000000	0.892538	0.450973	0.000000	-0.450973	0.892538	0.000000	0.000000	0.000000	1.000000	0.000000	0.000000	0.000000	0.525295	-0.721588	-0.450973	-0.265416	0.364597	-0.892538	0.808468	0.588541	0.000000	0.096654	-0.048837	0.148758	0.891266	0.047633	0.450973	-0.450330	-0.024068	0.892538	0.053368	-0.998575	-0.000000	0.197791	-0.099938	-0.041466	0.891282	-0.450940	0.047633	-0.450297	-0.892554	-0.024068	0.053368	0.000002	-0.998575	0.197791	-0.099938	-0.041466	0.891282	0.047633	0.450940	-0.450297	-0.024068	0.892554	0.053368	-0.998575	-0.000002	0.200553	-0.101334	-0.099383	0.891282	-0.450940	0.047633	-0.450297	-0.892554	-0.024068	0.053368	0.000002	-0.998575	
0.048000	0.000000	0.000000	0.000000	0.892457	0.451133	0.000000	-0.451133	0.892457	0.000000	0.000000	0.000000	1.000000	0.000000	0.000000	0.000000	0.525202	-0.721555	-0.451133	-0.265487	0.364743	-0.892457	0.808505	0.588490	0.000000	0.096637	-0.048850	0.148765	0.891177	0.047776	0.451133	-0.450486	-0.024151	0.892457	0.053534	-0.998566	-0.000000	0.197793	-0.099983	-0.041440	0.891194	-0.451098	0.047776	-0.450451	-0.892474	-0.024151	0.053534	0.000002	-0.998566	0.197793	-0.099983	-0.041440	0.891194	0.047776	0.451098	-0.450451	-0.024151	0.892474	0.053534	-0.998566	-0.000002	0.200564	-0.101384	-0.099357	0.891194	-0.451098	0.047776	-0.450451	-0.892474	-0.024151	0.053534	0.000002	-0.998566	
0.049000	0.000000	0.000000	0.000000	0.892374	0.451296	0.000000	-0.451296	0.892374	0.000000	0.000000	0.000000	1.000000	0.000000	0.000000	0.000000	0.525107	-0.721523	-0.451296	-0.265559	0.364892	-0.892374	0.808543	0.588438	0.000000	0.096620	-0.048863	0.148772	0.891087	0.047922	0.451296	-0.450645	-0.024235	0.892374	0.053701	-0.998557	-0.000000	0.197794	-0.100029	-0.041414	0.891105	-0.451260	0.047922	-0.450609	-0.892393	-0.024235	0.053701	0.000002	-0.998557	0.197794	-0.100029	-0.041414	0.891105	0.047922	0.451260	-0.450609	-0.024235	0.892393	0.053701	-0.998557	-0.000002	0.200574	-0.101435	-0.099330	0.891105	-0.451260	0.047922	-0.450609	-0.892393	-0.024235	0.053701	0.000002	-0.998557	
0.050000	0.000000	0.000000	0.000000	0.892291	0.451462	0.000000	-0.451462	0.892291	0.000000	0.000000	0.000000	1.000000	0.000000	0.000000	0.000000	0.525009	-0.721490	-0.451462	-0.265633	0.365044	-0.892291	0.808582	0.588384	0.000000	0.096602	-0.048876	0.148779	0.890995	0.048069	0.451462	-0.450806	-0.024321	0.892291	0.053872	-0.998548	-0.000000	0.197796	-0.100076	-0.041388	0.891014	-0.451424	0.048069	-0.450768	-0.892310	-0.024321	0.053872	0.000002	-0.998548	0.197796	-0.100076	-0.041388	0.891014	0.048069	0.451424	-0.450768	-0.024321	0.892310	0.053872	-0.998548	-0.000002	0.200584	-0.101487	-0.099303	0.891014	-0.451424	0.048069	-0.450768	-0.892310	-0.024321	0.053872	0.000002	-0.998548	
0.051000	0.000000	0.000000	0.000000	0.892205	0.451630	0.000000	-0.451630	0.892205	0.000000	0.000000	0.000000	1.000000	0.000000	0.000000	0.000000	0.524910	-0.721457	-0.451630	-0.265707	0.365198	-0.892205	0.808622	0.588329	0.000000	0.096583	-0.048890	0.148786	0.890901	0.048219	0.451630	-0.450970	-0.024408	0.892205	0.054044	-0.998539	-0.000000	0.197797	-0.100124	-0.041361	0.890921	-0.451591	0.048219	-0.450931	-0.892225	-0.024408	0.054044	0.000002	-0.998539	0.197797	-0.100124	-0.041361	0.890921	0.048219	0.451591	-0.450931	-0.024408	0.892225	0.054044	-0.998539	-0.000002	0.200594	-0.101540	-0.099276	0.890921	-0.451591	0.048219	-0.450931	-0.892225	-0.024408	0.054044	0.000002	-0.998539	
0.052000	0.000000	0.000000	0.000000	0.892118	0.451802	0.000000	-0.451802	0.892118	0.000000	0.000000	0.000000	1.000000	0.000000	0.000000	0.000000	0.524808	-0.721423	-0.451802	-0.265782	0.365356	-0.892118	0.808663	0.588272	0.000000	0.096565	-0.048904	0.148794	0.890806	0.048370	0.451802	-0.451138	-0.024497	0.892118	0.054220	-0.998529	-0.000000	0.197798	-0.100172	-0.041333	0.890827	-0.451761	0.048370	-0.451097	-0.892139	-0.024497	0.054220	0.000002	-0.998529	0.197798	-0.100172	-0.041333	0.890827	0.048370	0.451761	-0.451097	-0.024497	0.892139	0.054220	-0.998529	-0.000002	0.200604	-0.101593	-0.099248	0.890827	-0.451761	0.048370	-0.451097	-0.892139	-0.024497	0.054220	0.000002	-0.998529	
0.053000	0.000000	0.000000	0.000000	0.892030	0.451977	0.000000	-0.451977	0.892030	0.000000	0.000000	0.000000	1.000000	0.000000	0.000000	0.000000	0.524704	-0.721390	-0.451977	-0.265859	0.365516	-0.892030	0.808706	0.588213	0.000000	0.096545	-0.048918	0.148802	0.890709	0.048524	0.451977	-0.451308	-0.024586	0.892030	0.054397	-0.998519	-0.000000	0.197799	-0.100222	-0.041305	0.890730	-0.451934	0.048524	-0.451265	-0.892051	-0.024586	0.054397	0.000003	-0.998519	0.197799	-0.100222	-0.041305	0.890730	0.048524	0.451934	-0.451265	-0.024586	0.892051	0.054397	-0.998519	-0.000003	0.200614	-0.101648	-0.099219	0.890730	-0.451934	0.048524	-0.451265	-0.892051	-0.024586	0.054397	0.000003	-0.998519	
0.054000	0.000000	0.000000	0.000000	0.891940	0.452154	0.000000	-0.452154	0.891940	0.000000	0.000000	0.000000	1.000000	0.000000	0.000000	0.000000	0.524597	-0.721356	-0.452154	-0.265936	0.365680	-0.891940	0.808750	0.588153	0.000000	0.096526	-0.048932	0.148810	0.890610	0.048680	0.452154	-0.451480	-0.024678	0.891940	0.054578	-0.998510	-0.000000	0.197800	-0.100271	-0.041276	0.890633	-0.452110	0.048680	-0.451436	-0.891962	-0.024678	0.054578	0.000003	-0.998510	0.197800	-0.100271	-0.041276	0.890633	0.048680	0.452110	-0.451436	-0.024678	0.891962	0.054578	-0.998510	-0.000003	0.200623	-0.101703	-0.099190	0.890633	-0.452110	0.048680	-0.451436	-0.891962	-0.024678	0.054578	0.000003	-0.998510	
0.055000	0.000000	0.000000	0.000000	0.891848	0.452335	0.000000	-0.452335	0.891848	0.000000	0.000000	0.000000	1.000000	0.000000	0.000000	0.000000	0.524488	-0.721322	-0.452335	-0.266014	0.365846	-0.891848	0.808794	0.588091	0.000000	0.096506	-0.048947	0.148818	0.890510	0.048838	0.452335	-0.451656	-0.024770	0.891848	0.054760	-0.998500	-0.000000	0.197801	-0.100322	-0.041247	0.890533	-0.452289	0.048838	-0.451610	-0.891872	-0.024770	0.054760	0.000003	-0.998500	0.197801	-0.100322	-0.041247	0.890533	0.048838	0.452289	-0.451610	-0.024770	0.891872	0.054760	-0.998500	-0.000003	0.200633	-0.101759	-0.099160	0.890533	-0.452289	0.048838	-0.451610	-0.891872	-0.024770	0.054760	0.000003	-0.998500	
0.056000	0.000000	0.000000	0.000000	0.891755	0.452518	0.000000	-0.452518	0.891755	0.000000	0.000000	0.000000	1.000000	0.000000	0.000000	0.000000	0.524377	-0.721288	-0.452518	-0.266093	0.366015	-0.891755	0.808840	0.588028	0.000000	0.096485	-0.048961	0.148827	0.890408	0.048998	0.452518	-0.451834	-0.024864	0.891755	0.054945	-0.998489	-0.000000	0.197801	-0.100373	-0.041218	0.890432	-0.452470	0.048998	-0.451786	-0.891780	-0.024864	0.054945	0.000003	-0.998489	0.197801	-0.100373	-0.041218	0.890432	0.048998	0.452470	-0.451786	-0.024864	0.891780	0.054945	-0.998489	-0.000003	0.200643	-0.101816	-0.099130	0.890432	-0.452470	0.048998	-0.451786	-0.891780	-0.024864	0.054945	0.000003	-0.998489	
0.057000	0.000000	0.000000	0.000000	0.891661	0.452704	0.000000	-0.452704	0.891661	0.000000	0.000000	0.000000	1.000000	0.000000	0.000000	0.000000	0.524264	-0.721253	-0.452704	-0.266174	0.366187	-0.891661	0.808887	0.587964	0.000000	0.096465	-0.048976	0.148835	0.890305	0.049160	0.452704	-0.452016	-0.024959	0.891661	0.055133	-0.998479	-0.000000	0.197801	-0.100425	-0.041188	0.890330	-0.452654	0.049160	-0.451966	-0.891686	-0.024959	0.055133	0.000003	-0.998479	0.197801	-0.100425	-0.041188	0.890330	0.049160	0.452654	-0.451966	-0.024959	0.891686	0.055133	-0.998479	-0.000003	0.200653	-0.101873	-0.099100	0.890330	-0.452654	0.049160	-0.451966	-0.891686	-0.024959	0.055133	0.000003	-0.998479	
