# time	B0_r_i(1)	B0_r_i(2)	B0_r_i(3)	0_A_i(1,1)	0_A_i(1,2)	0_A_i(1,3)	0_A_i(2,1)	...
0.000000	0.000000	0.000000	0.000000	0.894447	0.447173	0.000000	-0.447173	0.894447	0.000000	0.000000	0.000000	1.000000	0.000000	0.000000	0.000000	0.526908	-0.722775	-0.447173	-0.263424	0.361347	-0.894447	0.808069	0.589088	0.000000	0.096951	-0.048470	0.148685	0.893390	0.043490	0.447173	-0.446644	-0.021742	0.894447	0.048622	-0.998817	-0.000000	0.197494	-0.098736	-0.042075	0.893390	-0.447173	0.043490	-0.446644	-0.894447	-0.021742	0.048622	0.000000	-0.998817	0.197494	-0.098736	-0.042075	0.893390	0.043490	0.447173	-0.446644	-0.021742	0.894447	0.048622	-0.998817	-0.000000	0.200017	-0.099997	-0.100007	0.893390	-0.447173	0.043490	-0.446644	-0.894447	-0.021742	0.048622	0.000000	-0.998817	
0.001000	0.000000	0.000000	0.000000	0.894447	0.447173	0.000000	-0.447173	0.894447	0.000000	0.000000	0.000000	1.000000	0.000000	0.000000	0.000000	0.526908	-0.722775	-0.447173	-0.263424	0.361347	-0.894447	0.808069	0.589088	0.000000	0.096951	-0.048470	0.148685	0.893390	0.043490	0.447173	-0.446644	-0.021742	0.894447	0.048622	-0.998817	-0.000000	0.197494	-0.098736	-0.042075	0.893390	-0.447173	0.043490	-0.446644	-0.894447	-0.021742	0.048622	0.000000	-0.998817	0.197494	-0.098736	-0.042075	0.893390	0.043490	0.447173	-0.446644	-0.021742	0.894447	0.048622	-0.998817	-0.000000	0.200017	-0.099997	-0.100007	0.893390	-0.447173	0.043490	-0.446644	-0.894447	-0.021742	0.048622	0.000000	-0.998817	
0.002000	0.000000	0.000000	0.000000	0.894447	0.447173	0.000000	-0.447173	0.894447	0.000000	0.000000	0.000000	1.000000	0.000000	0.000000	0.000000	0.526908	-0.722775	-0.447173	-0.263424	0.361347	-0.894447	0.808069	0.589088	0.000000	0.096951	-0.048470	0.148685	0.893390	0.043490	0.447173	-0.446644	-0.021742	0.894447	0.048622	-0.998817	-0.000000	0.197494	-0.098736	-0.042075	0.893390	-0.447173	0.043490	-0.446644	-0.894447	-0.021742	0.048622	0.000000	-0.998817	0.197494	-0.098736	-0.042075	0.893390	0.043490	0.447173	-0.446644	-0.021742	0.894447	0.048622	-0.998817	-0.000000	0.200017	-0.099997	-0.100007	0.893390	-0.447173	0.043490	-0.446644	-0.894447	-0.021742	0.048622	0.000000	-0.998817	
0.003000	0.000000	0.000000	0.000000	0.894445	0.447178	0.000000	-0.447178	0.894445	0.000000	0.000000	0.000000	1.000000	0.000000	0.000000	0.000000	0.526961	-0.722734	-0.447178	-0.263454	0.361331	-0.894445	0.808025	0.589148	0.000000	0.096961	-0.048476	0.148677	0.893383	0.043572	0.447178	-0.446647	-0.021784	0.894445	0.048714	-0.998813	-0.000000	0.197519	-0.098750	-0.042073	0.893383	-0.447178	0.043572	-0.446647	-0.894445	-0.021784	0.048714	0.000000	-0.998813	0.197519	-0.098750	-0.042073	0.893383	0.043572	0.447178	-0.446647	-0.021784	0.894445	0.048714	-0.998813	-0.000000	0.200046	-0.100013	-0.100004	0.893383	-0.447178	0.043572	-0.446647	-0.894445	-0.021784	0.048714	0.000000	-0.998813	
0.004000	0.000000	0.000000	0.000000	0.894440	0.447188	0.000000	-0.447188	0.894440	0.000000	0.000000	0.000000	1.000000	0.000000	0.000000	0.000000	0.526972	-0.722719	-0.447188	-0.263467	0.361334	-0.894440	0.808013	0.589164	0.000000	0.096963	-0.048478	0.148674	0.893376	0.043605	0.447188	-0.446656	-0.021801	0.894440	0.048751	-0.998811	-0.000000	0.197527	-0.098757	-0.042071	0.893376	-0.447188	0.043605	-0.446656	-0.894440	-0.021801	0.048751	0.000000	-0.998811	0.197527	-0.098757	-0.042071	0.893376	0.043605	0.447188	-0.446656	-0.021801	0.894440	0.048751	-0.998811	-0.000000	0.200056	-0.100021	-0.100002	0.893376	-0.447188	0.043605	-0.446656	-0.894440	-0.021801	0.048751	0.000000	-0.998811	
0.005000	0.000000	0.000000	0.000000	0.894433	0.447202	0.000000	-0.447202	0.894433	0.000000	0.000000	0.000000	1.000000	0.000000	0.000000	0.000000	0.526987	-0.722700	-0.447202	-0.263485	0.361338	-0.894433	0.807998	0.589186	0.000000	0.096966	-0.048481	0.148672	0.893367	0.043649	0.447202	-0.446669	-0.021824	0.894433	0.048801	-0.998809	-0.000000	0.197538	-0.098766	-0.042068	0.893367	-0.447202	0.043649	-0.446669	-0.894433	-0.021824	0.048801	0.000000	-0.998809	0.197538	-0.098766	-0.042068	0.893367	0.043649	0.447202	-0.446669	-0.021824	0.894433	0.048801	-0.998809	-0.000000	0.200069	-0.100031	-0.099999	0.893367	-0.447202	0.043649	-0.446669	-0.894433	-0.021824	0.048801	0.000000	-0.998809	
0.006000	0.000000	0.000000	0.000000	0.894424	0.447219	0.000000	-0.447219	0.894424	0.000000	0.000000	0.000000	1.000000	0.000000	0.000000	0.000000	0.527000	-0.722680	-0.447219	-0.263504	0.361346	-0.894424	0.807983	0.589205	0.000000	0.096968	-0.048485	0.148669	0.893356	0.043696	0.447219	-0.446685	-0.021848	0.894424	0.048853	-0.998806	-0.000000	0.197548	-0.098776	-0.042065	0.893357	-0.447219	0.043696	-0.446685	-0.894425	-0.021848	0.048853	0.000000	-0.998806	0.197548	-0.098776	-0.042065	0.893357	0.043696	0.447219	-0.446685	-0.021848	0.894425	0.048853	-0.998806	-0.000000	0.200082	-0.100043	-0.099996	0.893357	-0.447219	0.043696	-0.446685	-0.894425	-0.021848	0.048853	0.000000	-0.998806	
0.007000	0.000000	0.000000	0.000000	0.894414	0.447240	0.000000	-0.447240	0.894414	0.000000	0.000000	0.000000	1.000000	0.000000	0.000000	0.000000	0.527009	-0.722660	-0.447240	-0.263524	0.361357	-0.894414	0.807970	0.589223	0.000000	0.096970	-0.048489	0.148667	0.893343	0.043744	0.447240	-0.446705	-0.021874	0.894414	0.048909	-0.998803	-0.000000	0.197558	-0.098786	-0.042061	0.893344	-0.447240	0.043744	-0.446705	-0.894414	-0.021874	0.048909	0.000000	-0.998803	0.197558	-0.098786	-0.042061	0.893344	0.043744	0.447240	-0.446705	-0.021874	0.894414	0.048909	-0.998803	-0.000000	0.200095	-0.100055	-0.099992	0.893344	-0.447240	0.043744	-0.446705	-0.894414	-0.021874	0.048909	0.000000	-0.998803	
0.008000	0.000000	0.000000	0.000000	0.894401	0.447265	0.000000	-0.447265	0.894401	0.000000	0.000000	0.000000	1.000000	0.000000	0.000000	0.000000	0.527017	-0.722639	-0.447265	-0.263546	0.361372	-0.894401	0.807958	0.589239	0.000000	0.096971	-0.048493	0.148664	0.893328	0.043796	0.447265	-0.446729	-0.021901	0.894401	0.048967	-0.998800	-0.000000	0.197568	-0.098798	-0.042057	0.893329	-0.447265	0.043796	-0.446728	-0.894402	-0.021901	0.048967	0.000000	-0.998800	0.197568	-0.098798	-0.042057	0.893329	0.043796	0.447265	-0.446728	-0.021901	0.894402	0.048967	-0.998800	-0.000000	0.200108	-0.100068	-0.099987	0.893329	-0.447265	0.043796	-0.446728	-0.894402	-0.021901	0.048967	0.000000	-0.998800	
0.009000	0.000000	0.000000	0.000000	0.894387	0.447294	0.000000	-0.447294	0.894387	0.000000	0.000000	0.000000	1.000000	0.000000	0.000000	0.000000	0.527021	-0.722618	-0.447294	-0.263570	0.361390	-0.894387	0.807948	0.589254	0.000000	0.096972	-0.048497	0.148662	0.893311	0.043850	0.447294	-0.446756	-0.021930	0.894387	0.049028	-0.998797	-0.000000	0.197577	-0.098811	-0.042052	0.893312	-0.447293	0.043850	-0.446755	-0.894387	-0.021930	0.049028	0.000000	-0.998797	0.197577	-0.098811	-0.042052	0.893312	0.043850	0.447293	-0.446755	-0.021930	0.894387	0.049028	-0.998797	-0.000000	0.200121	-0.100083	-0.099982	0.893312	-0.447293	0.043850	-0.446755	-0.894387	-0.021930	0.049028	0.000000	-0.998797	
0.010000	0.000000	0.000000	0.000000	0.894371	0.447326	0.000000	-0.447326	0.894371	0.000000	0.000000	0.000000	1.000000	0.000000	0.000000	0.000000	0.527023	-0.722597	-0.447326	-0.263595	0.361412	-0.894371	0.807939	0.589267	0.000000	0.096972	-0.048501	0.148661	0.893292	0.043906	0.447326	-0.446787	-0.021960	0.894371	0.049091	-0.998794	-0.000000	0.197587	-0.098825	-0.042047	0.893293	-0.447325	0.043906	-0.446786	-0.894371	-0.021960	0.049091	0.000000	-0.998794	0.197587	-0.098825	-0.042047	0.893293	0.043906	0.447325	-0.446786	-0.021960	0.894371	0.049091	-0.998794	-0.000000	0.200133	-0.100098	-0.099977	0.893293	-0.447325	0.043906	-0.446786	-0.894371	-0.021960	0.049091	0.000000	-0.998794	
0.011000	0.000000	0.000000	0.000000	0.894353	0.447363	0.000000	-0.447363	0.894353	0.000000	0.000000	0.000000	1.000000	0.000000	0.000000	0.000000	0.527022	-0.722575	-0.447363	-0.263621	0.361438	-0.894353	0.807931	0.589277	0.000000	0.096972	-0.048506	0.148659	0.893271	0.043965	0.447363	-0.446822	-0.021991	0.894353	0.049158	-0.998791	-0.000000	0.197596	-0.098839	-0.042041	0.893272	-0.447361	0.043965	-0.446820	-0.894353	-0.021991	0.049158	0.000000	-0.998791	0.197596	-0.098839	-0.042041	0.893272	0.043965	0.447361	-0.446820	-0.021991	0.894353	0.049158	-0.998791	-0.000000	0.200146	-0.100115	-0.099970	0.893272	-0.447361	0.043965	-0.446820	-0.894353	-0.021991	0.049158	0.000000	-0.998791	
0.012000	0.000000	0.000000	0.000000	0.894333	0.447402	0.000000	-0.447402	0.894333	0.000000	0.000000	0.000000	1.000000	0.000000	0.000000	0.000000	0.527018	-0.722553	-0.447402	-0.263648	0.361467	-0.894333	0.807924	0.589287	0.000000	0.096971	-0.048511	0.148658	0.893249	0.044026	0.447402	-0.446860	-0.022025	0.894333	0.049228	-0.998788	-0.000000	0.197605	-0.098855	-0.042034	0.893249	-0.447401	0.044026	-0.446858	-0.894334	-0.022025	0.049228	0.000000	-0.998788	0.197605	-0.098855	-0.042034	0.893249	0.044026	0.447401	-0.446858	-0.022025	0.894334	0.049228	-0.998788	-0.000000	0.200159	-0.100132	-0.099964	0.893249	-0.447401	0.044026	-0.446858	-0.894334	-0.022025	0.049228	0.000000	-0.998788	
0.013000	0.000000	0.000000	0.000000	0.894311	0.447446	0.000000	-0.447446	0.894311	0.000000	0.000000	0.000000	1.000000	0.000000	0.000000	0.000000	0.527012	-0.722531	-0.447446	-0.263677	0.361500	-0.894311	0.807919	0.589294	0.000000	0.096970	-0.048517	0.148657	0.893224	0.044089	0.447446	-0.446902	-0.022059	0.894311	0.049300	-0.998784	-0.000000	0.197614	-0.098871	-0.042027	0.893225	-0.447444	0.044089	-0.446900	-0.894312	-0.022059	0.049300	0.000000	-0.998784	0.197614	-0.098871	-0.042027	0.893225	0.044089	0.447444	-0.446900	-0.022059	0.894312	0.049300	-0.998784	-0.000000	0.200171	-0.100150	-0.099956	0.893225	-0.447444	0.044089	-0.446900	-0.894312	-0.022059	0.049300	0.000000	-0.998784	
0.014000	0.000000	0.000000	0.000000	0.894288	0.447493	0.000000	-0.447493	0.894288	0.000000	0.000000	0.000000	1.000000	0.000000	0.000000	0.000000	0.527003	-0.722508	-0.447493	-0.263707	0.361536	-0.894288	0.807914	0.589300	0.000000	0.096969	-0.048522	0.148656	0.893197	0.044155	0.447493	-0.446947	-0.022095	0.894288	0.049375	-0.998780	-0.000000	0.197622	-0.098888	-0.042019	0.893198	-0.447491	0.044155	-0.446945	-0.894289	-0.022095	0.049375	0.000000	-0.998780	0.197622	-0.098888	-0.042019	0.893198	0.044155	0.447491	-0.446945	-0.022095	0.894289	0.049375	-0.998780	-0.000000	0.200183	-0.100170	-0.099948	0.893198	-0.447491	0.044155	-0.446945	-0.894289	-0.022095	0.049375	0.000000	-0.998780	
0.015000	0.000000	0.000000	0.000000	0.894262	0.447544	0.000000	-0.447544	0.894262	0.000000	0.000000	0.000000	1.000000	0.000000	0.000000	0.000000	0.526992	-0.722485	-0.447544	-0.263739	0.361576	-0.894262	0.807912	0.589304	0.000000	0.096967	-0.048528	0.148656	0.893168	0.044224	0.447544	-0.446996	-0.022132	0.894262	0.049453	-0.998776	-0.000000	0.197631	-0.098906	-0.042011	0.893169	-0.447541	0.044224	-0.446993	-0.894263	-0.022132	0.049453	0.000000	-0.998776	0.197631	-0.098906	-0.042011	0.893169	0.044224	0.447541	-0.446993	-0.022132	0.894263	0.049453	-0.998776	-0.000000	0.200196	-0.100190	-0.099940	0.893169	-0.447541	0.044224	-0.446993	-0.894263	-0.022132	0.049453	0.000000	-0.998776	
0.016000	0.000000	0.000000	0.000000	0.894235	0.447598	0.000000	-0.447598	0.894235	0.000000	0.000000	0.000000	1.000000	0.000000	0.000000	0.000000	0.526978	-0.722461	-0.447598	-0.263772	0.361619	-0.894235	0.807910	0.589306	0.000000	0.096964	-0.048534	0.148655	0.893137	0.044294	0.447598	-0.447048	-0.022171	0.894235	0.049533	-0.998772	-0.000000	0.197639	-0.098926	-0.042002	0.893139	-0.447595	0.044294	-0.447045	-0.894236	-0.022171	0.049533	0.000000	-0.998772	0.197639	-0.098926	-0.042002	0.893139	0.044294	0.447595	-0.447045	-0.022171	0.894236	0.049533	-0.998772	-0.000000	0.200208	-0.100211	-0.099931	0.893139	-0.447595	0.044294	-0.447045	-0.894236	-0.022171	0.049533	0.000000	-0.998772	
0.017000	0.000000	0.000000	0.000000	0.894206	0.447656	0.000000	-0.447656	0.894206	0.000000	0.000000	0.000000	1.000000	0.000000	0.000000	0.000000	0.526961	-0.722438	-0.447656	-0.263806	0.361665	-0.894206	0.807910	0.589306	0.000000	0.096961	-0.048540	0.148655	0.893105	0.044367	0.447656	-0.447104	-0.022211	0.894206	0.049617	-0.998768	-0.000000	0.197647	-0.098946	-0.041993	0.893106	-0.447652	0.044367	-0.447101	-0.894208	-0.022211	0.049617	0.000000	-0.998768	0.197647	-0.098946	-0.041993	0.893106	0.044367	0.447652	-0.447101	-0.022211	0.894208	0.049617	-0.998768	-0.000000	0.200220	-0.100234	-0.099921	0.893106	-0.447652	0.044367	-0.447101	-0.894208	-0.022211	0.049617	0.000000	-0.998768	
0.018000	0.000000	0.000000	0.000000	0.894175	0.447717	0.000000	-0.447717	0.894175	0.000000	0.000000	0.000000	1.000000	0.000000	0.000000	0.000000	0.526942	-0.722413	-0.447717	-0.263842	0.361716	-0.894175	0.807911	0.589305	0.000000	0.096957	-0.048547	0.148656	0.893070	0.044443	0.447717	-0.447164	-0.022253	0.894175	0.049703	-0.998764	-0.000000	0.197654	-0.098966	-0.041983	0.893072	-0.447713	0.044443	-0.447160	-0.894177	-0.022253	0.049703	0.000000	-0.998764	0.197654	-0.098966	-0.041983	0.893072	0.044443	0.447713	-0.447160	-0.022253	0.894177	0.049703	-0.998764	-0.000000	0.200232	-0.100257	-0.099911	0.893072	-0.447713	0.044443	-0.447160	-0.894177	-0.022253	0.049703	0.000000	-0.998764	
0.019000	0.000000	0.000000	0.000000	0.894143	0.447782	0.000000	-0.447782	0.894143	0.000000	0.000000	0.000000	1.000000	0.000000	0.000000	0.000000	0.526920	-0.722389	-0.447782	-0.263879	0.361769	-0.894143	0.807913	0.589302	0.000000	0.096953	-0.048554	0.148656	0.893033	0.044521	0.447782	-0.447227	-0.022296	0.894143	0.049792	-0.998760	-0.000000	0.197662	-0.098988	-0.041972	0.893036	-0.447778	0.044521	-0.447222	-0.894145	-0.022296	0.049792	0.000000	-0.998760	0.197662	-0.098988	-0.041972	0.893036	0.044521	0.447778	-0.447222	-0.022296	0.894145	0.049792	-0.998760	-0.000000	0.200244	-0.100281	-0.099900	0.893036	-0.447778	0.044521	-0.447222	-0.894145	-0.022296	0.049792	0.000000	-0.998760	
0.020000	0.000000	0.000000	0.000000	0.894108	0.447851	0.000000	-0.447851	0.894108	0.000000	0.000000	0.000000	1.000000	0.000000	0.000000	0.000000	0.526896	-0.722364	-0.447851	-0.263918	0.361826	-0.894108	0.807916	0.589298	0.000000	0.096949	-0.048561	0.148657	0.892995	0.044601	0.447851	-0.447293	-0.022340	0.894108	0.049883	-0.998755	-0.000000	0.197669	-0.099011	-0.041961	0.892998	-0.447846	0.044601	-0.447288	-0.894111	-0.022340	0.049883	0.000000	-0.998755	0.197669	-0.099011	-0.041961	0.892998	0.044601	0.447846	-0.447288	-0.022340	0.894111	0.049883	-0.998755	-0.000000	0.200256	-0.100306	-0.099889	0.892998	-0.447846	0.044601	-0.447288	-0.894111	-0.022340	0.049883	0.000000	-0.998755	
0.021000	0.000000	0.000000	0.000000	0.894072	0.447923	0.000000	-0.447923	0.894072	0.000000	0.000000	0.000000	1.000000	0.000000	0.000000	0.000000	0.526869	-0.722339	-0.447923	-0.263957	0.361886	-0.894072	0.807921	0.589291	0.000000	0.096944	-0.048568	0.148657	0.892955	0.044684	0.447923	-0.447363	-0.022386	0.894072	0.049978	-0.998750	-0.000000	0.197676	-0.099034	-0.041950	0.892958	-0.447917	0.044684	-0.447358	-0.894075	-0.022386	0.049978	0.000000	-0.998750	0.197676	-0.099034	-0.041950	0.892958	0.044684	0.447917	-0.447358	-0.022386	0.894075	0.049978	-0.998750	-0.000000	0.200268	-0.100333	-0.099877	0.892958	-0.447917	0.044684	-0.447358	-0.894075	-0.022386	0.049978	0.000000	-0.998750	
0.022000	0.000000	0.000000	0.000000	0.894034	0.447999	0.000000	-0.447999	0.894034	0.000000	0.000000	0.000000	1.000000	0.000000	0.000000	0.000000	0.526839	-0.722314	-0.447999	-0.263998	0.361950	-0.894034	0.807927	0.589283	0.000000	0.096938	-0.048576	0.148658	0.892913	0.044769	0.447999	-0.447437	-0.022433	0.894034	0.050075	-0.998745	-0.000000	0.197683	-0.099059	-0.041938	0.892916	-0.447992	0.044769	-0.447430	-0.894037	-0.022433	0.050075	0.000000	-0.998745	0.197683	-0.099059	-0.041938	0.892916	0.044769	0.447992	-0.447430	-0.022433	0.894037	0.050075	-0.998745	-0.000000	0.200280	-0.100360	-0.099865	0.892916	-0.447992	0.044769	-0.447430	-0.894037	-0.022433	0.050075	0.000000	-0.998745	
0.023000	0.000000	0.000000	0.000000	0.893995	0.448078	0.000000	-0.448078	0.893995	0.000000	0.000000	0.000000	1.000000	0.000000	0.000000	0.000000	0.526807	-0.722288	-0.448078	-0.264040	0.362017	-0.893995	0.807934	0.589273	0.000000	0.096933	-0.048583	0.148660	0.892869	0.044856	0.448078	-0.447514	-0.022482	0.893995	0.050175	-0.998740	-0.000000	0.197690	-0.099084	-0.041925	0.892872	-0.448071	0.044856	-0.447507	-0.893998	-0.022482	0.050175	0.000000	-0.998740	0.197690	-0.099084	-0.041925	0.892872	0.044856	0.448071	-0.447507	-0.022482	0.893998	0.050175	-0.998740	-0.000000	0.200291	-0.100388	-0.099852	0.892872	-0.448071	0.044856	-0.447507	-0.893998	-0.022482	0.050175	0.000000	-0.998740	
0.024000	0.000000	0.000000	0.000000	0.893953	0.448160	0.000000	-0.448160	0.893953	0.000000	0.000000	0.000000	1.000000	0.000000	0.000000	0.000000	0.526773	-0.722262	-0.448160	-0.264084	0.362088	-0.893953	0.807942	0.589262	0.000000	0.096926	-0.048591	0.148661	0.892823	0.044946	0.448160	-0.447594	-0.022532	0.893953	0.050277	-0.998735	-0.000000	0.197696	-0.099110	-0.041912	0.892826	-0.448153	0.044946	-0.447586	-0.893957	-0.022532	0.050277	0.000000	-0.998735	0.197696	-0.099110	-0.041912	0.892826	0.044945	0.448153	-0.447586	-0.022532	0.893957	0.050277	-0.998735	-0.000000	0.200303	-0.100417	-0.099839	0.892826	-0.448153	0.044945	-0.447586	-0.893957	-0.022532	0.050277	0.000000	-0.998735	
0.025000	0.000000	0.000000	0.000000	0.893910	0.448246	0.000000	-0.448246	0.893910	0.000000	0.000000	0.000000	1.000000	0.000000	0.000000	0.000000	0.526735	-0.722236	-0.448246	-0.264129	0.362161	-0.893910	0.807952	0.589249	0.000000	0.096919	-0.048600	0.148663	0.892775	0.045037	0.448246	-0.447677	-0.022584	0.893910	0.050383	-0.998730	-0.000000	0.197702	-0.099137	-0.041899	0.892779	-0.448238	0.045037	-0.447669	-0.893914	-0.022584	0.050383	0.000000	-0.998730	0.197702	-0.099137	-0.041899	0.892779	0.045037	0.448238	-0.447669	-0.022584	0.893914	0.050383	-0.998730	-0.000000	0.200315	-0.100447	-0.099825	0.892779	-0.448238	0.045037	-0.447669	-0.893914	-0.022584	0.050383	0.000000	-0.998730	
0.026000	0.000000	0.000000	0.000000	0.893865	0.448336	0.000000	-0.448336	0.893865	0.000000	0.000000	0.000000	1.000000	0.000000	0.000000	0.000000	0.526696	-0.722210	-0.448336	-0.264175	0.362239	-0.893865	0.807963	0.589234	0.000000	0.096912	-0.048608	0.148665	0.892725	0.045132	0.448336	-0.447764	-0.022637	0.893865	0.050491	-0.998725	-0.000000	0.197709	-0.099165	-0.041884	0.892730	-0.448327	0.045132	-0.447755	-0.893870	-0.022637	0.050491	0.000001	-0.998725	0.197709	-0.099165	-0.041884	0.892730	0.045132	0.448327	-0.447755	-0.022637	0.893870	0.050490	-0.998725	-0.000001	0.200326	-0.100478	-0.099810	0.892730	-0.448327	0.045132	-0.447755	-0.893870	-0.022637	0.050490	0.000001	-0.998725	
0.027000	0.000000	0.000000	0.000000	0.893819	0.448429	0.000000	-0.448429	0.893819	0.000000	0.000000	0.000000	1.000000	0.000000	0.000000	0.000000	0.526653	-0.722183	-0.448429	-0.264222	0.362319	-0.893819	0.807975	0.589217	0.000000	0.096904	-0.048617	0.148667	0.892674	0.045228	0.448429	-0.447854	-0.022691	0.893819	0.050601	-0.998719	-0.000000	0.197714	-0.099193	-0.041870	0.892679	-0.448419	0.045228	-0.447844	-0.893824	-0.022691	0.050601	0.000001	-0.998719	0.197714	-0.099193	-0.041870	0.892679	0.045228	0.448419	-0.447844	-0.022691	0.893824	0.050601	-0.998719	-0.000001	0.200338	-0.100509	-0.099795	0.892679	-0.448419	0.045228	-0.447844	-0.893824	-0.022691	0.050601	0.000001	-0.998719	
0.028000	0.000000	0.000000	0.000000	0.893770	0.448525	0.000000	-0.448525	0.893770	0.000000	0.000000	0.000000	1.000000	0.000000	0.000000	0.000000	0.526609	-0.722156	-0.448525	-0.264271	0.362403	-0.893770	0.807988	0.589199	0.000000	0.096896	-0.048626	0.148670	0.892620	0.045327	0.448525	-0.447948	-0.022747	0.893770	0.050715	-0.998713	-0.000000	0.197720	-0.099223	-0.041854	0.892626	-0.448514	0.045327	-0.447937	-0.893776	-0.022747	0.050715	0.000001	-0.998713	0.197720	-0.099223	-0.041854	0.892626	0.045327	0.448514	-0.447937	-0.022747	0.893776	0.050715	-0.998713	-0.000001	0.200349	-0.100542	-0.099780	0.892626	-0.448514	0.045327	-0.447937	-0.893776	-0.022747	0.050715	0.000001	-0.998713	
0.029000	0.000000	0.000000	0.000000	0.893720	0.448625	0.000000	-0.448625	0.893720	0.000000	0.000000	0.000000	1.000000	0.000000	0.000000	0.000000	0.526561	-0.722128	-0.448625	-0.264320	0.362490	-0.893720	0.808002	0.589179	0.000000	0.096887	-0.048635	0.148672	0.892565	0.045428	0.448625	-0.448045	-0.022804	0.893720	0.050831	-0.998707	-0.000000	0.197725	-0.099253	-0.041839	0.892571	-0.448613	0.045428	-0.448033	-0.893726	-0.022804	0.050831	0.000001	-0.998707	0.197725	-0.099253	-0.041839	0.892571	0.045428	0.448613	-0.448033	-0.022804	0.893726	0.050831	-0.998707	-0.000001	0.200360	-0.100576	-0.099764	0.892571	-0.448613	0.045428	-0.448033	-0.893726	-0.022804	0.050831	0.000001	-0.998707	
0.030000	0.000000	0.000000	0.000000	0.893669	0.448728	0.000000	-0.448728	0.893669	0.000000	0.000000	0.000000	1.000000	0.000000	0.000000	0.000000	0.526512	-0.722100	-0.448728	-0.264371	0.362580	-0.893669	0.808018	0.589158	0.000000	0.096878	-0.048644	0.148675	0.892508	0.045532	0.448728	-0.448145	-0.022862	0.893669	0.050949	-0.998701	-0.000000	0.197731	-0.099284	-0.041822	0.892514	-0.448715	0.045532	-0.448132	-0.893675	-0.022862	0.050949	0.000001	-0.998701	0.197731	-0.099284	-0.041822	0.892514	0.045532	0.448715	-0.448132	-0.022862	0.893675	0.050949	-0.998701	-0.000001	0.200372	-0.100610	-0.099747	0.892514	-0.448715	0.045532	-0.448132	-0.893675	-0.022862	0.050949	0.000001	-0.998701	
0.031000	0.000000	0.000000	0.000000	0.893615	0.448834	0.000000	-0.448834	0.893615	0.000000	0.000000	0.000000	1.000000	0.000000	0.000000	0.000000	0.526460	-0.722072	-0.448834	-0.264424	0.362673	-0.893615	0.808035	0.589135	0.000000	0.096869	-0.048654	0.148678	0.892449	0.045638	0.448834	-0.448248	-0.022922	0.893615	0.051071	-0.998695	-0.000000	0.197736	-0.099316	-0.041806	0.892456	-0.448820	0.045638	-0.448235	-0.893622	-0.022922	0.051071	0.000001	-0.998695	0.197736	-0.099316	-0.041806	0.892456	0.045637	0.448820	-0.448235	-0.022922	0.893622	0.051071	-0.998695	-0.000001	0.200383	-0.100646	-0.099730	0.892456	-0.448820	0.045637	-0.448235	-0.893622	-0.022922	0.051071	0.000001	-0.998695	
0.032000	0.000000	0.000000	0.000000	0.893560	0.448943	0.000000	-0.448943	0.893560	0.000000	0.000000	0.000000	1.000000	0.000000	0.000000	0.000000	0.526405	-0.722044	-0.448943	-0.264477	0.362770	-0.893560	0.808053	0.589110	0.000000	0.096859	-0.048664	0.148682	0.892388	0.045746	0.448943	-0.448355	-0.022984	0.893560	0.051195	-0.998689	-0.000000	0.197741	-0.099349	-0.041788	0.892396	-0.448929	0.045746	-0.448340	-0.893567	-0.022984	0.051195	0.000001	-0.998689	0.197741	-0.099349	-0.041788	0.892396	0.045746	0.448929	-0.448340	-0.022984	0.893567	0.051195	-0.998689	-0.000001	0.200394	-0.100682	-0.099712	0.892396	-0.448929	0.045746	-0.448340	-0.893567	-0.022984	0.051195	0.000001	-0.998689	
0.033000	0.000000	0.000000	0.000000	0.893503	0.449056	0.000000	-0.449056	0.893503	0.000000	0.000000	0.000000	1.000000	0.000000	0.000000	0.000000	0.526348	-0.722015	-0.449056	-0.264532	0.362870	-0.893503	0.808072	0.589083	0.000000	0.096848	-0.048674	0.148685	0.892326	0.045856	0.449056	-0.448465	-0.023046	0.893503	0.051321	-0.998682	-0.000000	0.197745	-0.099383	-0.041770	0.892334	-0.449041	0.045856	-0.448449	-0.893511	-0.023046	0.051321	0.000001	-0.998682	0.197745	-0.099383	-0.041770	0.892334	0.045856	0.449041	-0.448449	-0.023046	0.893511	0.051321	-0.998682	-0.000001	0.200405	-0.100719	-0.099694	0.892334	-0.449041	0.045856	-0.448449	-0.893511	-0.023046	0.051321	0.000001	-0.998682	
0.034000	0.000000	0.000000	0.000000	0.893445	0.449172	0.000000	-0.449172	0.893445	0.000000	0.000000	0.000000	1.000000	0.000000	0.000000	0.000000	0.526288	-0.721987	-0.449172	-0.264587	0.362973	-0.893445	0.808093	0.589055	0.000000	0.096837	-0.048684	0.148689	0.892262	0.045968	0.449172	-0.448578	-0.023110	0.893445	0.051451	-0.998676	-0.000000	0.197750	-0.099417	-0.041752	0.892270	-0.449156	0.045968	-0.448561	-0.893453	-0.023110	0.051451	0.000001	-0.998676	0.197750	-0.099417	-0.041752	0.892270	0.045968	0.449156	-0.448561	-0.023110	0.893453	0.051451	-0.998676	-0.000001	0.200416	-0.100758	-0.099675	0.892270	-0.449156	0.045968	-0.448561	-0.893453	-0.023110	0.051451	0.000001	-0.998676	
0.035000	0.000000	0.000000	0.000000	0.893385	0.449292	0.000000	-0.449292	0.893385	0.000000	0.000000	0.000000	1.000000	0.000000	0.000000	0.000000	0.526226	-0.721958	-0.449292	-0.264644	0.363079	-0.893385	0.808115	0.589025	0.000000	0.096826	-0.048695	0.148693	0.892196	0.046083	0.449292	-0.448694	-0.023176	0.893385	0.051583	-0.998669	-0.000000	0.197754	-0.099452	-0.041733	0.892204	-0.449275	0.046083	-0.448676	-0.893394	-0.023176	0.051583	0.000001	-0.998669	0.197754	-0.099452	-0.041733	0.892204	0.046083	0.449275	-0.448676	-0.023176	0.893394	0.051583	-0.998669	-0.000001	0.200427	-0.100797	-0.099656	0.892204	-0.449275	0.046083	-0.448676	-0.893394	-0.023176	0.051583	0.000001	-0.998669	
0.036000	0.000000	0.000000	0.000000	0.893323	0.449415	0.000000	-0.449415	0.893323	0.000000	0.000000	0.000000	1.000000	0.000000	0.000000	0.000000	0.526162	-0.721928	-0.449415	-0.264702	0.363189	-0.893323	0.808138	0.588994	0.000000	0.096814	-0.048705	0.148697	0.892128	0.046200	0.449415	-0.448813	-0.023242	0.893323	0.051717	-0.998662	-0.000000	0.197758	-0.099488	-0.041714	0.892137	-0.449396	0.046200	-0.448795	-0.893333	-0.023242	0.051717	0.000001	-0.998662	0.197758	-0.099488	-0.041714	0.892137	0.046200	0.449396	-0.448795	-0.023242	0.893333	0.051717	-0.998662	-0.000001	0.200438	-0.100837	-0.099636	0.892137	-0.449396	0.046200	-0.448795	-0.893333	-0.023242	0.051717	0.000001	-0.998662	
0.037000	0.000000	0.000000	0.000000	0.893260	0.449540	0.000000	-0.449540	0.893260	0.000000	0.000000	0.000000	1.000000	0.000000	0.000000	0.000000	0.526095	-0.721898	-0.449540	-0.264762	0.363301	-0.893260	0.808162	0.588961	0.000000	0.096801	-0.048716	0.148702	0.892058	0.046319	0.449540	-0.448936	-0.023311	0.893260	0.051854	-0.998655	-0.000000	0.197762	-0.099525	-0.041694	0.892068	-0.449521	0.046319	-0.448916	-0.893270	-0.023311	0.051854	0.000001	-0.998655	0.197762	-0.099525	-0.041694	0.892068	0.046319	0.449521	-0.448916	-0.023311	0.893270	0.051854	-0.998655	-0.000001	0.200449	-0.100877	-0.099616	0.892068	-0.449521	0.046319	-0.448916	-0.893270	-0.023311	0.051854	0.000001	-0.998655	
0.038000	0.000000	0.000000	0.000000	0.893195	0.449669	0.000000	-0.449669	0.893195	0.000000	0.000000	0.000000	1.000000	0.000000	0.000000	0.000000	0.526026	-0.721869	-0.449669	-0.264822	0.363417	-0.893195	0.808187	0.588926	0.000000	0.096789	-0.048727	0.148706	0.891987	0.046441	0.449669	-0.449061	-0.023380	0.893195	0.051994	-0.998647	-0.000000	0.197766	-0.099563	-0.041673	0.891997	-0.449649	0.046441	-0.449040	-0.893205	-0.023380	0.051994	0.000001	-0.998647	0.197766	-0.099563	-0.041673	0.891997	0.046441	0.449649	-0.449040	-0.023380	0.893205	0.051994	-0.998647	-0.000001	0.200459	-0.100919	-0.099595	0.891997	-0.449649	0.046441	-0.449040	-0.893205	-0.023380	0.051994	0.000001	-0.998647	
0.039000	0.000000	0.000000	0.000000	0.893128	0.449802	0.000000	-0.449802	0.893128	0.000000	0.000000	0.000000	1.000000	0.000000	0.000000	0.000000	0.525954	-0.721838	-0.449802	-0.264884	0.363536	-0.893128	0.808213	0.588890	0.000000	0.096776	-0.048739	0.148711	0.891914	0.046564	0.449802	-0.449190	-0.023451	0.893128	0.052136	-0.998640	-0.000000	0.197769	-0.099602	-0.041652	0.891925	-0.449780	0.046564	-0.449168	-0.893140	-0.023451	0.052136	0.000001	-0.998640	0.197769	-0.099602	-0.041652	0.891925	0.046564	0.449780	-0.449168	-0.023451	0.893140	0.052136	-0.998640	-0.000001	0.200470	-0.100962	-0.099573	0.891925	-0.449780	0.046564	-0.449168	-0.893140	-0.023451	0.052136	0.000001	-0.998640	
0.040000	0.000000	0.000000	0.000000	0.893060	0.449937	0.000000	-0.449937	0.893060	0.000000	0.000000	0.000000	1.000000	0.000000	0.000000	0.000000	0.525880	-0.721808	-0.449937	-0.264946	0.363658	-0.893060	0.808241	0.588852	0.000000	0.096762	-0.048750	0.148716	0.891839	0.046690	0.449937	-0.449322	-0.023523	0.893060	0.052281	-0.998632	-0.000000	0.197773	-0.099641	-0.041631	0.891851	-0.449914	0.046690	-0.449299	-0.893072	-0.023523	0.052281	0.000001	-0.998632	0.197773	-0.099641	-0.041631	0.891851	0.046690	0.449914	-0.449299	-0.023523	0.893072	0.052281	-0.998632	-0.000001	0.200481	-0.101005	-0.099551	0.891851	-0.449914	0.046690	-0.449299	-0.893072	-0.023523	0.052281	0.000001	-0.998632	
0.041000	0.000000	0.000000	0.000000	0.892990	0.450076	0.000000	-0.450076	0.892990	0.000000	0.000000	0.000000	1.000000	0.000000	0.000000	0.000000	0.525804	-0.721777	-0.450076	-0.265010	0.363783	-0.892990	0.808270	0.588812	0.000000	0.096748	-0.048762	0.148722	0.891762	0.046818	0.450076	-0.449457	-0.023597	0.892990	0.052429	-0.998625	-0.000000	0.197776	-0.099681	-0.041609	0.891775	-0.450051	0.046818	-0.449432	-0.893003	-0.023597	0.052429	0.000001	-0.998625	0.197776	-0.099681	-0.041609	0.891775	0.046818	0.450051	-0.449432	-0.023597	0.893003	0.052429	-0.998625	-0.000001	0.200491	-0.101049	-0.099529	0.891775	-0.450051	0.046818	-0.449432	-0.893003	-0.023597	0.052429	0.000001	-0.998625	
0.042000	0.000000	0.000000	0.000000	0.892919	0.450217	0.000000	-0.450217	0.892919	0.000000	0.000000	0.000000	1.000000	0.000000	0.000000	0.000000	0.525725	-0.721746	-0.450217	-0.265075	0.363911	-0.892919	0.808300	0.588771	0.000000	0.096733	-0.048774	0.148727	0.891684	0.046949	0.450217	-0.449595	-0.023672	0.892919	0.052579	-0.998617	-0.000000	0.197779	-0.099722	-0.041586	0.891697	-0.450192	0.046949	-0.449569	-0.892932	-0.023672	0.052579	0.000002	-0.998617	0.197779	-0.099722	-0.041586	0.891697	0.046949	0.450192	-0.449569	-0.023672	0.892932	0.052579	-0.998617	-0.000002	0.200502	-0.101095	-0.099506	0.891697	-0.450192	0.046949	-0.449569	-0.892932	-0.023672	0.052579	0.000002	-0.998617	
0.043000	0.000000	0.000000	0.000000	0.892846	0.450362	0.000000	-0.450362	0.892846	0.000000	0.000000	0.000000	1.000000	0.000000	0.000000	0.000000	0.525644	-0.721715	-0.450362	-0.265141	0.364042	-0.892846	0.808331	0.588728	0.000000	0.096718	-0.048786	0.148733	0.891604	0.047081	0.450362	-0.449735	-0.023748	0.892846	0.052732	-0.998609	-0.000000	0.197782	-0.099763	-0.041563	0.891618	-0.450335	0.047081	-0.449708	-0.892860	-0.023748	0.052732	0.000002	-0.998609	0.197782	-0.099763	-0.041563	0.891618	0.047081	0.450335	-0.449708	-0.023748	0.892860	0.052731	-0.998609	-0.000002	0.200512	-0.101141	-0.099482	0.891618	-0.450335	0.047081	-0.449708	-0.892860	-0.023748	0.052731	0.000002	-0.998609	
0.044000	0.000000	0.000000	0.000000	0.892771	0.450510	0.000000	-0.450510	0.892771	0.000000	0.000000	0.000000	1.000000	0.000000	0.000000	0.000000	0.525560	-0.721684	-0.450510	-0.265208	0.364176	-0.892771	0.808363	0.588684	0.000000	0.096703	-0.048798	0.148739	0.891522	0.047216	0.450510	-0.449879	-0.023826	0.892771	0.052887	-0.998601	-0.000000	0.197784	-0.099806	-0.041540	0.891536	-0.450481	0.047216	-0.449851	-0.892786	-0.023826	0.052887	0.000002	-0.998601	0.197784	-0.099806	-0.041540	0.891536	0.047216	0.450481	-0.449851	-0.023826	0.892786	0.052887	-0.998601	-0.000002	0.200523	-0.101188	-0.099458	0.891536	-0.450481	0.047216	-0.449851	-0.892786	-0.023826	0.052887	0.000002	-0.998601	
0.045000	0.000000	0.000000	0.000000	0.892695	0.450661	0.000000	-0.450661	0.892695	0.000000	0.000000	0.000000	1.000000	0.000000	0.000000	0.000000	0.525474	-0.721652	-0.450661	-0.265276	0.364313	-0.892695	0.808397	0.588638	0.000000	0.096687	-0.048811	0.148745	0.891439	0.047353	0.450661	-0.450026	-0.023905	0.892695	0.053044	-0.998592	-0.000000	0.197787	-0.099849	-0.041515	0.891454	-0.450631	0.047353	-0.449996	-0.892710	-0.023905	0.053044	0.000002	-0.998592	0.197787	-0.099849	-0.041515	0.891454	0.047352	0.450631	-0.449996	-0.023905	0.892710	0.053044	-0.998592	-0.000002	0.200533	-0.101235	-0.099434	0.891454	-0.450631	0.047352	-0.449996	-0.892710	-0.023905	0.053044	0.000002	-0.998592	
0.046000	0.000000	0.000000	0.000000	0.892618	0.450815	0.000000	-0.450815	0.892618	0.000000	0.000000	0.000000	1.000000	0.000000	0.000000	0.000000	0.525386	-0.721620	-0.450815	-0.265345	0.364453	-0.892618	0.808431	0.588590	0.000000	0.096671	-0.048824	0.148751	0.891353	0.047491	0.450815	-0.450176	-0.023985	0.892618	0.053205	-0.998584	-0.000000	0.197789	-0.099893	-0.041491	0.891369	-0.450783	0.047491	-0.450145	-0.892633	-0.023985	0.053205	0.000002	-0.998584	0.197789	-0.099893	-0.041491	0.891369	0.047491	0.450783	-0.450145	-0.023985	0.892633	0.053205	-0.998584	-0.000002	0.200543	-0.101284	-0.099409	0.891369	-0.450783	0.047491	-0.450145	-0.892633	-0.023985	0.053205	0.000002	-0.998584	
0.047000	0.000000	0.000000	0.000000	0.892538	0.450972	0.000000	-0.450972	0.892538	0.000000	0.000000	0.000000	1.000000	0.000000	0.000000	0.000000	0.525296	-0.721588	-0.450972	-0.265415	0.364596	-0.892538	0.808467	0.588541	0.000000	0.096654	-0.048836	0.148758	0.891266	0.047632	0.450972	-0.450329	-0.024067	0.892538	0.053367	-0.998575	-0.000000	0.197791	-0.099937	-0.041466	0.891283	-0.450939	0.047632	-0.450296	-0.892555	-0.024067	0.053367	0.000002	-0.998575	0.197791	-0.099937	-0.041466	0.891283	0.047632	0.450939	-0.450296	-0.024067	0.892555	0.053367	-0.998575	-0.000002	0.200553	-0.101333	-0.099383	0.891283	-0.450939	0.047632	-0.450296	-0.892555	-0.024067	0.053367	0.000002	-0.998575	
0.048000	0.000000	0.000000	0.000000	0.892457	0.451132	0.000000	-0.451132	0.892457	0.000000	0.000000	0.000000	1.000000	0.000000	0.000000	0.000000	0.525203	-0.721555	-0.451132	-0.265487	0.364742	-0.892457	0.808504	0.588491	0.000000	0.096637	-0.048850	0.148765	0.891178	0.047776	0.451132	-0.450485	-0.024150	0.892457	0.053533	-0.998566	-0.000000	0.197793	-0.099983	-0.041440	0.891195	-0.451097	0.047776	-0.450450	-0.892475	-0.024150	0.053533	0.000002	-0.998566	0.197793	-0.099983	-0.041440	0.891195	0.047776	0.451097	-0.450450	-0.024150	0.892475	0.053533	-0.998566	-0.000002	0.200564	-0.101384	-0.099357	0.891195	-0.451097	0.047776	-0.450450	-0.892475	-0.024150	0.053533	0.000002	-0.998566	
0.049000	0.000000	0.000000	0.000000	0.892375	0.451295	0.000000	-0.451295	0.892375	0.000000	0.000000	0.000000	1.000000	0.000000	0.000000	0.000000	0.525108	-0.721523	-0.451295	-0.265559	0.364891	-0.892375	0.808542	0.588438	0.000000	0.096620	-0.048863	0.148772	0.891087	0.047921	0.451295	-0.450643	-0.024235	0.892375	0.053701	-0.998557	-0.000000	0.197794	-0.100029	-0.041414	0.891106	-0.451259	0.047921	-0.450607	-0.892393	-0.024235	0.053701	0.000002	-0.998557	0.197794	-0.100029	-0.041414	0.891106	0.047921	0.451259	-0.450607	-0.024235	0.892393	0.053700	-0.998557	-0.000002	0.200574	-0.101435	-0.099331	0.891106	-0.451259	0.047921	-0.450607	-0.892393	-0.024235	0.053700	0.000002	-0.998557	
0.050000	0.000000	0.000000	0.000000	0.892291	0.451460	0.000000	-0.451460	0.892291	0.000000	0.000000	0.000000	1.000000	0.000000	0.000000	0.000000	0.525010	-0.721490	-0.451460	-0.265632	0.365042	-0.892291	0.808581	0.588385	0.000000	0.096602	-0.048876	0.148779	0.890995	0.048068	0.451460	-0.450805	-0.024321	0.892291	0.053871	-0.998548	-0.000000	0.197796	-0.100076	-0.041388	0.891014	-0.451423	0.048068	-0.450767	-0.892310	-0.024321	0.053871	0.000002	-0.998548	0.197796	-0.100076	-0.041388	0.891014	0.048068	0.451423	-0.450767	-0.024320	0.892310	0.053871	-0.998548	-0.000002	0.200584	-0.101487	-0.099304	0.891014	-0.451423	0.048068	-0.450767	-0.892310	-0.024320	0.053871	0.000002	-0.998548	
0.051000	0.000000	0.000000	0.000000	0.892206	0.451629	0.000000	-0.451629	0.892206	0.000000	0.000000	0.000000	1.000000	0.000000	0.000000	0.000000	0.524911	-0.721457	-0.451629	-0.265707	0.365197	-0.892206	0.808622	0.588329	0.000000	0.096584	-0.048890	0.148786	0.890902	0.048218	0.451629	-0.450969	-0.024408	0.892206	0.054044	-0.998539	-0.000000	0.197797	-0.100124	-0.041361	0.890922	-0.451590	0.048218	-0.450930	-0.892226	-0.024408	0.054044	0.000002	-0.998539	0.197797	-0.100124	-0.041361	0.890922	0.048218	0.451590	-0.450930	-0.024408	0.892226	0.054043	-0.998539	-0.000002	0.200594	-0.101539	-0.099276	0.890922	-0.451590	0.048218	-0.450930	-0.892226	-0.024408	0.054043	0.000002	-0.998539	
0.052000	0.000000	0.000000	0.000000	0.892119	0.451801	0.000000	-0.451801	0.892119	0.000000	0.000000	0.000000	1.000000	0.000000	0.000000	0.000000	0.524809	-0.721423	-0.451801	-0.265782	0.365355	-0.892119	0.808663	0.588272	0.000000	0.096565	-0.048904	0.148794	0.890807	0.048370	0.451801	-0.451136	-0.024496	0.892119	0.054219	-0.998529	-0.000000	0.197798	-0.100172	-0.041333	0.890827	-0.451760	0.048370	-0.451096	-0.892139	-0.024496	0.054219	0.000002	-0.998529	0.197798	-0.100172	-0.041333	0.890827	0.048370	0.451760	-0.451096	-0.024496	0.892139	0.054219	-0.998529	-0.000002	0.200604	-0.101593	-0.099248	0.890827	-0.451760	0.048370	-0.451096	-0.892139	-0.024496	0.054219	0.000002	-0.998529	
0.053000	0.000000	0.000000	0.000000	0.892030	0.451976	0.000000	-0.451976	0.892030	0.000000	0.000000	0.000000	1.000000	0.000000	0.000000	0.000000	0.524704	-0.721390	-0.451976	-0.265858	0.365515	-0.892030	0.808705	0.588214	0.000000	0.096546	-0.048918	0.148802	0.890710	0.048523	0.451976	-0.451306	-0.024586	0.892030	0.054397	-0.998519	-0.000000	0.197799	-0.100221	-0.041305	0.890731	-0.451933	0.048523	-0.451264	-0.892052	-0.024586	0.054397	0.000003	-0.998519	0.197799	-0.100221	-0.041305	0.890731	0.048523	0.451933	-0.451264	-0.024586	0.892052	0.054396	-0.998519	-0.000003	0.200614	-0.101647	-0.099219	0.890731	-0.451933	0.048523	-0.451264	-0.892052	-0.024586	0.054396	0.000003	-0.998519	
0.054000	0.000000	0.000000	0.000000	0.891940	0.452153	0.000000	-0.452153	0.891940	0.000000	0.000000	0.000000	1.000000	0.000000	0.000000	0.000000	0.524598	-0.721356	-0.452153	-0.265936	0.365678	-0.891940	0.808749	0.588154	0.000000	0.096526	-0.048932	0.148810	0.890611	0.048679	0.452153	-0.451479	-0.024677	0.891940	0.054577	-0.998510	-0.000000	0.197800	-0.100271	-0.041277	0.890633	-0.452109	0.048679	-0.451435	-0.891963	-0.024677	0.054577	0.000003	-0.998510	0.197800	-0.100271	-0.041277	0.890633	0.048679	0.452109	-0.451435	-0.024677	0.891963	0.054577	-0.998510	-0.000003	0.200623	-0.101702	-0.099190	0.890633	-0.452109	0.048679	-0.451435	-0.891963	-0.024677	0.054577	0.000003	-0.998510	
0.055000	0.000000	0.000000	0.000000	0.891849	0.452334	0.000000	-0.452334	0.891849	0.000000	0.000000	0.000000	1.000000	0.000000	0.000000	0.000000	0.524489	-0.721322	-0.452334	-0.266014	0.365845	-0.891849	0.808794	0.588092	0.000000	0.096506	-0.048947	0.148818	0.890511	0.048837	0.452334	-0.451655	-0.024770	0.891849	0.054759	-0.998500	-0.000000	0.197801	-0.100322	-0.041248	0.890534	-0.452288	0.048837	-0.451609	-0.891872	-0.024770	0.054759	0.000003	-0.998500	0.197801	-0.100322	-0.041248	0.890534	0.048837	0.452288	-0.451609	-0.024769	0.891872	0.054759	-0.998500	-0.000003	0.200633	-0.101758	-0.099161	0.890534	-0.452288	0.048837	-0.451609	-0.891872	-0.024769	0.054759	0.000003	-0.998500	
0.056000	0.000000	0.000000	0.000000	0.891756	0.452517	0.000000	-0.452517	0.891756	0.000000	0.000000	0.000000	1.000000	0.000000	0.000000	0.000000	0.524378	-0.721288	-0.452517	-0.266093	0.366014	-0.891756	0.808840	0.588029	0.000000	0.096486	-0.048961	0.148827	0.890409	0.048997	0.452517	-0.451833	-0.024863	0.891756	0.054945	-0.998489	-0.000000	0.197801	-0.100373	-0.041218	0.890433	-0.452469	0.048997	-0.451785	-0.891780	-0.024863	0.054945	0.000003	-0.998489	0.197801	-0.100373	-0.041218	0.890433	0.048997	0.452469	-0.451785	-0.024863	0.891780	0.054944	-0.998489	-0.000003	0.200643	-0.101815	-0.099130	0.890433	-0.452469	0.048997	-0.451785	-0.891780	-0.024863	0.054944	0.000003	-0.998489	
0.057000	0.000000	0.000000	0.000000	0.891661	0.452703	0.000000	-0.452703	0.891661	0.000000	0.000000	0.000000	1.000000	0.000000	0.000000	0.000000	0.524265	-0.721253	-0.452703	-0.266173	0.366185	-0.891661	0.808887	0.587964	0.000000	0.096465	-0.048976	0.148835	0.890305	0.049159	0.452703	-0.452014	-0.024958	0.891661	0.055132	-0.998479	-0.000000	0.197801	-0.100425	-0.041188	0.890331	-0.452653	0.049159	-0.451965	-0.891687	-0.024958	0.055132	0.000003	-0.998479	0.197801	-0.100425	-0.041188	0.890331	0.049159	0.452653	-0.451965	-0.024958	0.891687	0.055132	-0.998479	-0.000003	0.200653	-0.101873	-0.099100	0.890331	-0.452653	0.049159	-0.451965	-0.891687	-0.024958	0.055132	0.000003	-0.998479	
