# time	B0_r_i(1)	B0_r_i(2)	B0_r_i(3)	0_A_i(1,1)	0_A_i(1,2)	0_A_i(1,3)	0_A_i(2,1)	...
0.000000	0.000000	0.000000	0.000000	0.894447	0.447173	0.000000	-0.447173	0.894447	0.000000	0.000000	0.000000	1.000000	0.000000	0.000000	0.000000	0.526908	-0.722775	-0.447173	-0.263424	0.361347	-0.894447	0.808069	0.589088	0.000000	0.096951	-0.048470	0.148685	0.893390	0.043490	0.447173	-0.446644	-0.021742	0.894447	0.048622	-0.998817	-0.000000	0.197494	-0.098736	-0.042075	0.893390	-0.447173	0.043490	-0.446644	-0.894447	-0.021742	0.048622	0.000000	-0.998817	0.197494	-0.098736	-0.042075	0.893390	0.043490	0.447173	-0.446644	-0.021742	0.894447	0.048622	-0.998817	-0.000000	0.200017	-0.099997	-0.100007	0.893390	-0.447173	0.043490	-0.446644	-0.894447	-0.021742	0.048622	0.000000	-0.998817	
0.001000	0.000000	0.000000	0.000000	0.894445	0.447178	0.000000	-0.447178	0.894445	0.000000	0.000000	0.000000	1.000000	0.000000	0.000000	0.000000	0.526931	-0.722755	-0.447178	-0.263440	0.361342	-0.894445	0.808049	0.589115	0.000000	0.096955	-0.048473	0.148681	0.893385	0.043529	0.447178	-0.446649	-0.021763	0.894445	0.048666	-0.998815	-0.000000	0.197506	-0.098743	-0.042074	0.893387	-0.447175	0.043529	-0.446645	-0.894447	-0.021763	0.048666	0.000000	-0.998815	0.197506	-0.098743	-0.042074	0.893386	0.043546	0.447175	-0.446644	-0.021771	0.894447	0.048685	-0.998814	-0.000000	0.200031	-0.100006	-0.100005	0.893386	-0.447175	0.043546	-0.446645	-0.894447	-0.021771	0.048685	0.000000	-0.998814	
0.002000	0.000000	0.000000	0.000000	0.894440	0.447188	0.000000	-0.447188	0.894440	0.000000	0.000000	0.000000	1.000000	0.000000	0.000000	0.000000	0.526952	-0.722734	-0.447188	-0.263457	0.361341	-0.894440	0.808030	0.589141	0.000000	0.096959	-0.048476	0.148678	0.893378	0.043572	0.447188	-0.446657	-0.021784	0.894440	0.048714	-0.998813	-0.000000	0.197517	-0.098751	-0.042072	0.893383	-0.447178	0.043572	-0.446647	-0.894445	-0.021784	0.048714	0.000001	-0.998813	0.197517	-0.098751	-0.042072	0.893381	0.043607	0.447178	-0.446646	-0.021802	0.894445	0.048753	-0.998811	-0.000001	0.200046	-0.100016	-0.100003	0.893380	-0.447180	0.043607	-0.446649	-0.894444	-0.021802	0.048753	0.000000	-0.998811	
0.003000	0.000000	0.000000	0.000000	0.894433	0.447202	0.000000	-0.447202	0.894433	0.000000	0.000000	0.000000	1.000000	0.000000	0.000000	0.000000	0.526970	-0.722713	-0.447202	-0.263476	0.361344	-0.894433	0.808012	0.589166	0.000000	0.096962	-0.048480	0.148674	0.893369	0.043617	0.447202	-0.446670	-0.021808	0.894433	0.048765	-0.998810	-0.000000	0.197528	-0.098761	-0.042070	0.893378	-0.447183	0.043617	-0.446651	-0.894443	-0.021808	0.048765	0.000001	-0.998810	0.197528	-0.098761	-0.042070	0.893376	0.043671	0.447183	-0.446650	-0.021835	0.894443	0.048825	-0.998807	-0.000001	0.200061	-0.100027	-0.100001	0.893372	-0.447190	0.043671	-0.446656	-0.894439	-0.021835	0.048825	0.000001	-0.998807	
0.004000	0.000000	0.000000	0.000000	0.894424	0.447220	0.000000	-0.447220	0.894424	0.000000	0.000000	0.000000	1.000000	0.000000	0.000000	0.000000	0.526985	-0.722690	-0.447220	-0.263497	0.361352	-0.894424	0.807995	0.589189	0.000000	0.096965	-0.048483	0.148671	0.893358	0.043665	0.447220	-0.446687	-0.021833	0.894424	0.048819	-0.998808	-0.000000	0.197539	-0.098771	-0.042067	0.893373	-0.447190	0.043665	-0.446656	-0.894439	-0.021833	0.048819	0.000002	-0.998808	0.197539	-0.098771	-0.042067	0.893369	0.043738	0.447190	-0.446655	-0.021870	0.894439	0.048901	-0.998804	-0.000002	0.200076	-0.100040	-0.099997	0.893362	-0.447203	0.043738	-0.446668	-0.894433	-0.021870	0.048901	0.000001	-0.998804	
0.005000	0.000000	0.000000	0.000000	0.894413	0.447242	0.000000	-0.447242	0.894413	0.000000	0.000000	0.000000	1.000000	0.000000	0.000000	0.000000	0.526997	-0.722667	-0.447242	-0.263520	0.361363	-0.894413	0.807980	0.589210	0.000000	0.096968	-0.048488	0.148668	0.893344	0.043715	0.447242	-0.446708	-0.021859	0.894413	0.048876	-0.998805	-0.000000	0.197550	-0.098783	-0.042063	0.893366	-0.447198	0.043715	-0.446663	-0.894435	-0.021859	0.048876	0.000002	-0.998805	0.197550	-0.098783	-0.042063	0.893361	0.043810	0.447198	-0.446661	-0.021907	0.894435	0.048981	-0.998800	-0.000002	0.200091	-0.100054	-0.099994	0.893351	-0.447220	0.043810	-0.446683	-0.894424	-0.021907	0.048981	0.000001	-0.998800	
0.006000	0.000000	0.000000	0.000000	0.894400	0.447269	0.000000	-0.447269	0.894400	0.000000	0.000000	0.000000	1.000000	0.000000	0.000000	0.000000	0.527007	-0.722644	-0.447269	-0.263544	0.361377	-0.894400	0.807965	0.589230	0.000000	0.096969	-0.048492	0.148666	0.893328	0.043768	0.447269	-0.446733	-0.021887	0.894400	0.048936	-0.998802	-0.000000	0.197561	-0.098796	-0.042059	0.893359	-0.447208	0.043768	-0.446672	-0.894430	-0.021887	0.048936	0.000003	-0.998802	0.197561	-0.098796	-0.042059	0.893353	0.043885	0.447208	-0.446669	-0.021946	0.894430	0.049066	-0.998796	-0.000003	0.200106	-0.100068	-0.099989	0.893337	-0.447240	0.043885	-0.446702	-0.894414	-0.021946	0.049066	0.000002	-0.998796	
0.007000	0.000000	0.000000	0.000000	0.894384	0.447299	0.000000	-0.447299	0.894384	0.000000	0.000000	0.000000	1.000000	0.000000	0.000000	0.000000	0.527015	-0.722619	-0.447299	-0.263571	0.361396	-0.894384	0.807952	0.589249	0.000000	0.096971	-0.048497	0.148663	0.893310	0.043824	0.447299	-0.446762	-0.021917	0.894384	0.048999	-0.998799	-0.000000	0.197571	-0.098809	-0.042055	0.893350	-0.447219	0.043824	-0.446682	-0.894424	-0.021917	0.048999	0.000004	-0.998799	0.197571	-0.098809	-0.042055	0.893343	0.043963	0.447219	-0.446679	-0.021987	0.894424	0.049155	-0.998791	-0.000004	0.200121	-0.100084	-0.099984	0.893321	-0.447265	0.043963	-0.446724	-0.894402	-0.021987	0.049155	0.000002	-0.998791	
0.008000	0.000000	0.000000	0.000000	0.894367	0.447334	0.000000	-0.447334	0.894367	0.000000	0.000000	0.000000	1.000000	0.000000	0.000000	0.000000	0.527020	-0.722594	-0.447334	-0.263599	0.361419	-0.894367	0.807939	0.589266	0.000000	0.096972	-0.048502	0.148661	0.893290	0.043882	0.447334	-0.446795	-0.021948	0.894367	0.049065	-0.998796	-0.000000	0.197581	-0.098824	-0.042049	0.893341	-0.447233	0.043882	-0.446694	-0.894418	-0.021948	0.049065	0.000006	-0.998796	0.197581	-0.098824	-0.042049	0.893332	0.044046	0.447233	-0.446690	-0.022030	0.894418	0.049248	-0.998787	-0.000006	0.200136	-0.100102	-0.099979	0.893302	-0.447293	0.044046	-0.446750	-0.894388	-0.022030	0.049248	0.000002	-0.998787	
0.009000	0.000000	0.000000	0.000000	0.894347	0.447373	0.000000	-0.447373	0.894347	0.000000	0.000000	0.000000	1.000000	0.000000	0.000000	0.000000	0.527022	-0.722569	-0.447373	-0.263628	0.361445	-0.894347	0.807928	0.589281	0.000000	0.096972	-0.048508	0.148659	0.893267	0.043943	0.447373	-0.446833	-0.021981	0.894347	0.049134	-0.998792	-0.000000	0.197591	-0.098840	-0.042044	0.893330	-0.447247	0.043943	-0.446707	-0.894410	-0.021981	0.049134	0.000007	-0.998792	0.197591	-0.098840	-0.042044	0.893321	0.044132	0.447247	-0.446702	-0.022076	0.894410	0.049345	-0.998782	-0.000007	0.200151	-0.100120	-0.099973	0.893282	-0.447324	0.044132	-0.446779	-0.894372	-0.022076	0.049345	0.000003	-0.998782	
0.010000	0.000000	0.000000	0.000000	0.894326	0.447416	0.000000	-0.447416	0.894326	0.000000	0.000000	0.000000	1.000000	0.000000	0.000000	0.000000	0.527022	-0.722542	-0.447416	-0.263660	0.361476	-0.894326	0.807918	0.589295	0.000000	0.096972	-0.048513	0.148657	0.893243	0.044007	0.447416	-0.446874	-0.022016	0.894326	0.049206	-0.998789	-0.000000	0.197601	-0.098857	-0.042037	0.893319	-0.447264	0.044007	-0.446722	-0.894402	-0.022016	0.049206	0.000008	-0.998789	0.197601	-0.098857	-0.042037	0.893308	0.044221	0.447264	-0.446716	-0.022123	0.894402	0.049446	-0.998777	-0.000008	0.200166	-0.100140	-0.099966	0.893260	-0.447359	0.044221	-0.446812	-0.894354	-0.022123	0.049446	0.000003	-0.998777	
0.011000	0.000000	0.000000	0.000000	0.894302	0.447463	0.000000	-0.447463	0.894302	0.000000	0.000000	0.000000	1.000000	0.000000	0.000000	0.000000	0.527019	-0.722515	-0.447463	-0.263693	0.361510	-0.894302	0.807909	0.589307	0.000000	0.096971	-0.048520	0.148655	0.893216	0.044073	0.447463	-0.446920	-0.022052	0.894302	0.049282	-0.998785	-0.000000	0.197611	-0.098874	-0.042031	0.893306	-0.447282	0.044073	-0.446738	-0.894393	-0.022052	0.049282	0.000010	-0.998785	0.197611	-0.098874	-0.042031	0.893294	0.044314	0.447282	-0.446732	-0.022173	0.894393	0.049552	-0.998772	-0.000010	0.200181	-0.100160	-0.099959	0.893236	-0.447398	0.044314	-0.446849	-0.894335	-0.022173	0.049552	0.000004	-0.998772	
0.012000	0.000000	0.000000	0.000000	0.894277	0.447515	0.000000	-0.447515	0.894277	0.000000	0.000000	0.000000	1.000000	0.000000	0.000000	0.000000	0.527013	-0.722487	-0.447515	-0.263728	0.361548	-0.894277	0.807901	0.589318	0.000000	0.096970	-0.048526	0.148654	0.893187	0.044141	0.447515	-0.446969	-0.022089	0.894277	0.049360	-0.998781	-0.000000	0.197620	-0.098893	-0.042023	0.893293	-0.447302	0.044141	-0.446756	-0.894383	-0.022089	0.049360	0.000012	-0.998781	0.197620	-0.098893	-0.042023	0.893280	0.044411	0.447302	-0.446749	-0.022224	0.894383	0.049661	-0.998766	-0.000012	0.200196	-0.100182	-0.099952	0.893210	-0.447441	0.044411	-0.446889	-0.894314	-0.022224	0.049661	0.000004	-0.998766	
0.013000	0.000000	0.000000	0.000000	0.894249	0.447570	0.000000	-0.447570	0.894249	0.000000	0.000000	0.000000	1.000000	0.000000	0.000000	0.000000	0.527005	-0.722459	-0.447570	-0.263765	0.361589	-0.894249	0.807895	0.589327	0.000000	0.096969	-0.048533	0.148653	0.893155	0.044213	0.447570	-0.447023	-0.022128	0.894249	0.049441	-0.998777	-0.000000	0.197630	-0.098913	-0.042015	0.893279	-0.447323	0.044213	-0.446775	-0.894372	-0.022128	0.049441	0.000014	-0.998777	0.197630	-0.098913	-0.042015	0.893264	0.044511	0.447323	-0.446768	-0.022278	0.894372	0.049775	-0.998760	-0.000014	0.200211	-0.100205	-0.099943	0.893182	-0.447487	0.044511	-0.446932	-0.894290	-0.022278	0.049775	0.000005	-0.998760	
0.014000	0.000000	0.000000	0.000000	0.894219	0.447629	0.000000	-0.447629	0.894219	0.000000	0.000000	0.000000	1.000000	0.000000	0.000000	0.000000	0.526995	-0.722430	-0.447629	-0.263804	0.361635	-0.894219	0.807889	0.589335	0.000000	0.096967	-0.048540	0.148652	0.893122	0.044287	0.447629	-0.447080	-0.022169	0.894219	0.049526	-0.998773	-0.000000	0.197639	-0.098934	-0.042007	0.893264	-0.447346	0.044287	-0.446796	-0.894361	-0.022169	0.049526	0.000016	-0.998773	0.197639	-0.098934	-0.042007	0.893247	0.044615	0.447346	-0.446788	-0.022333	0.894361	0.049893	-0.998755	-0.000016	0.200226	-0.100230	-0.099935	0.893152	-0.447537	0.044615	-0.446979	-0.894266	-0.022333	0.049893	0.000005	-0.998755	
0.015000	0.000000	0.000000	0.000000	0.894187	0.447693	0.000000	-0.447693	0.894187	0.000000	0.000000	0.000000	1.000000	0.000000	0.000000	0.000000	0.526981	-0.722400	-0.447693	-0.263844	0.361684	-0.894187	0.807884	0.589341	0.000000	0.096965	-0.048547	0.148651	0.893086	0.044363	0.447693	-0.447141	-0.022211	0.894187	0.049613	-0.998769	-0.000000	0.197648	-0.098956	-0.041998	0.893248	-0.447370	0.044363	-0.446819	-0.894349	-0.022211	0.049613	0.000018	-0.998769	0.197648	-0.098956	-0.041998	0.893230	0.044723	0.447370	-0.446810	-0.022391	0.894349	0.050015	-0.998748	-0.000018	0.200242	-0.100255	-0.099925	0.893120	-0.447590	0.044723	-0.447029	-0.894239	-0.022391	0.050015	0.000006	-0.998748	
0.016000	0.000000	0.000000	0.000000	0.894154	0.447760	0.000000	-0.447760	0.894154	0.000000	0.000000	0.000000	1.000000	0.000000	0.000000	0.000000	0.526966	-0.722370	-0.447760	-0.263886	0.361737	-0.894154	0.807881	0.589346	0.000000	0.096962	-0.048555	0.148650	0.893049	0.044442	0.447760	-0.447207	-0.022255	0.894154	0.049703	-0.998764	-0.000000	0.197656	-0.098979	-0.041988	0.893231	-0.447396	0.044442	-0.446843	-0.894336	-0.022255	0.049703	0.000020	-0.998764	0.197656	-0.098979	-0.041988	0.893211	0.044834	0.447396	-0.446833	-0.022451	0.894336	0.050141	-0.998742	-0.000020	0.200257	-0.100281	-0.099915	0.893086	-0.447647	0.044834	-0.447083	-0.894211	-0.022451	0.050141	0.000006	-0.998742	
0.017000	0.000000	0.000000	0.000000	0.894118	0.447831	0.000000	-0.447831	0.894118	0.000000	0.000000	0.000000	1.000000	0.000000	0.000000	0.000000	0.526948	-0.722339	-0.447831	-0.263929	0.361793	-0.894118	0.807878	0.589349	0.000000	0.096958	-0.048563	0.148650	0.893009	0.044524	0.447831	-0.447276	-0.022301	0.894118	0.049797	-0.998759	-0.000000	0.197665	-0.099003	-0.041978	0.893213	-0.447424	0.044524	-0.446868	-0.894322	-0.022301	0.049797	0.000023	-0.998759	0.197665	-0.099003	-0.041978	0.893192	0.044948	0.447424	-0.446857	-0.022513	0.894322	0.050271	-0.998736	-0.000023	0.200272	-0.100309	-0.099905	0.893050	-0.447707	0.044948	-0.447141	-0.894180	-0.022513	0.050271	0.000007	-0.998736	
0.018000	0.000000	0.000000	0.000000	0.894080	0.447907	0.000000	-0.447907	0.894080	0.000000	0.000000	0.000000	1.000000	0.000000	0.000000	0.000000	0.526927	-0.722307	-0.447907	-0.263974	0.361854	-0.894080	0.807877	0.589351	0.000000	0.096955	-0.048571	0.148649	0.892967	0.044608	0.447907	-0.447349	-0.022347	0.894080	0.049893	-0.998755	-0.000000	0.197673	-0.099028	-0.041968	0.893194	-0.447453	0.044608	-0.446895	-0.894307	-0.022347	0.049893	0.000025	-0.998755	0.197673	-0.099028	-0.041968	0.893171	0.045067	0.447453	-0.446883	-0.022577	0.894307	0.050405	-0.998729	-0.000025	0.200287	-0.100338	-0.099894	0.893012	-0.447771	0.045067	-0.447201	-0.894148	-0.022577	0.050405	0.000007	-0.998729	
0.019000	0.000000	0.000000	0.000000	0.894041	0.447986	0.000000	-0.447986	0.894041	0.000000	0.000000	0.000000	1.000000	0.000000	0.000000	0.000000	0.526904	-0.722275	-0.447986	-0.264021	0.361918	-0.894041	0.807877	0.589351	0.000000	0.096950	-0.048580	0.148649	0.892923	0.044695	0.447986	-0.447426	-0.022396	0.894041	0.049992	-0.998750	-0.000000	0.197682	-0.099054	-0.041956	0.893174	-0.447484	0.044695	-0.446923	-0.894292	-0.022396	0.049992	0.000028	-0.998750	0.197682	-0.099054	-0.041956	0.893150	0.045188	0.447484	-0.446911	-0.022643	0.894292	0.050544	-0.998722	-0.000028	0.200303	-0.100368	-0.099882	0.892972	-0.447838	0.045188	-0.447265	-0.894115	-0.022643	0.050544	0.000008	-0.998722	
0.020000	0.000000	0.000000	0.000000	0.893999	0.448069	0.000000	-0.448069	0.893999	0.000000	0.000000	0.000000	1.000000	0.000000	0.000000	0.000000	0.526878	-0.722242	-0.448069	-0.264070	0.361985	-0.893999	0.807878	0.589350	0.000000	0.096946	-0.048589	0.148650	0.892876	0.044784	0.448069	-0.447507	-0.022446	0.893999	0.050094	-0.998744	-0.000000	0.197690	-0.099081	-0.041945	0.893154	-0.447516	0.044784	-0.446953	-0.894276	-0.022446	0.050094	0.000031	-0.998744	0.197690	-0.099081	-0.041945	0.893127	0.045313	0.447516	-0.446940	-0.022711	0.894276	0.050686	-0.998715	-0.000031	0.200318	-0.100399	-0.099870	0.892930	-0.447909	0.045313	-0.447333	-0.894079	-0.022711	0.050686	0.000009	-0.998715	
0.021000	0.000000	0.000000	0.000000	0.893955	0.448156	0.000000	-0.448156	0.893955	0.000000	0.000000	0.000000	1.000000	0.000000	0.000000	0.000000	0.526850	-0.722208	-0.448156	-0.264120	0.362056	-0.893955	0.807880	0.589347	0.000000	0.096940	-0.048598	0.148650	0.892828	0.044876	0.448156	-0.447591	-0.022497	0.893955	0.050200	-0.998739	-0.000000	0.197697	-0.099109	-0.041932	0.893132	-0.447550	0.044876	-0.446984	-0.894259	-0.022497	0.050200	0.000034	-0.998739	0.197697	-0.099109	-0.041932	0.893104	0.045442	0.447550	-0.446970	-0.022781	0.894259	0.050832	-0.998707	-0.000034	0.200333	-0.100431	-0.099857	0.892886	-0.447983	0.045442	-0.447403	-0.894042	-0.022781	0.050832	0.000009	-0.998707	
0.022000	0.000000	0.000000	0.000000	0.893910	0.448247	0.000000	-0.448247	0.893910	0.000000	0.000000	0.000000	1.000000	0.000000	0.000000	0.000000	0.526820	-0.722174	-0.448247	-0.264171	0.362131	-0.893910	0.807883	0.589343	0.000000	0.096935	-0.048608	0.148650	0.892778	0.044971	0.448247	-0.447680	-0.022550	0.893910	0.050308	-0.998734	-0.000000	0.197705	-0.099138	-0.041920	0.893110	-0.447585	0.044971	-0.447017	-0.894241	-0.022550	0.050308	0.000037	-0.998734	0.197705	-0.099138	-0.041920	0.893079	0.045574	0.447585	-0.447002	-0.022852	0.894241	0.050983	-0.998700	-0.000037	0.200348	-0.100464	-0.099844	0.892841	-0.448061	0.045574	-0.447477	-0.894003	-0.022852	0.050983	0.000010	-0.998700	
0.023000	0.000000	0.000000	0.000000	0.893862	0.448342	0.000000	-0.448342	0.893862	0.000000	0.000000	0.000000	1.000000	0.000000	0.000000	0.000000	0.526786	-0.722140	-0.448342	-0.264225	0.362210	-0.893862	0.807887	0.589337	0.000000	0.096929	-0.048617	0.148651	0.892725	0.045068	0.448342	-0.447772	-0.022605	0.893862	0.050419	-0.998728	-0.000000	0.197713	-0.099168	-0.041906	0.893086	-0.447622	0.045068	-0.447051	-0.894223	-0.022605	0.050419	0.000041	-0.998728	0.197713	-0.099168	-0.041906	0.893054	0.045710	0.447622	-0.447035	-0.022926	0.894223	0.051137	-0.998692	-0.000041	0.200364	-0.100498	-0.099830	0.892793	-0.448142	0.045710	-0.447555	-0.893963	-0.022926	0.051137	0.000011	-0.998692	
0.024000	0.000000	0.000000	0.000000	0.893813	0.448440	0.000000	-0.448440	0.893813	0.000000	0.000000	0.000000	1.000000	0.000000	0.000000	0.000000	0.526751	-0.722104	-0.448440	-0.264280	0.362292	-0.893813	0.807892	0.589330	0.000000	0.096922	-0.048627	0.148652	0.892671	0.045167	0.448440	-0.447868	-0.022661	0.893813	0.050533	-0.998722	-0.000000	0.197720	-0.099199	-0.041893	0.893062	-0.447660	0.045167	-0.447087	-0.894204	-0.022661	0.050533	0.000044	-0.998722	0.197720	-0.099199	-0.041893	0.893027	0.045849	0.447660	-0.447069	-0.023003	0.894204	0.051296	-0.998684	-0.000044	0.200379	-0.100534	-0.099816	0.892744	-0.448226	0.045849	-0.447635	-0.893920	-0.023003	0.051296	0.000012	-0.998684	
0.025000	0.000000	0.000000	0.000000	0.893761	0.448543	0.000000	-0.448543	0.893761	0.000000	0.000000	0.000000	1.000000	0.000000	0.000000	0.000000	0.526713	-0.722068	-0.448543	-0.264336	0.362377	-0.893761	0.807898	0.589322	0.000000	0.096915	-0.048638	0.148653	0.892614	0.045269	0.448543	-0.447967	-0.022719	0.893761	0.050650	-0.998716	-0.000000	0.197727	-0.099231	-0.041878	0.893037	-0.447700	0.045269	-0.447124	-0.894184	-0.022719	0.050650	0.000048	-0.998716	0.197727	-0.099231	-0.041878	0.893000	0.045992	0.447700	-0.447105	-0.023081	0.894184	0.051458	-0.998675	-0.000048	0.200395	-0.100570	-0.099801	0.892692	-0.448314	0.045992	-0.447719	-0.893876	-0.023081	0.051458	0.000012	-0.998675	
0.026000	0.000000	0.000000	0.000000	0.893708	0.448649	0.000000	-0.448649	0.893708	0.000000	0.000000	0.000000	1.000000	0.000000	0.000000	0.000000	0.526673	-0.722032	-0.448649	-0.264394	0.362466	-0.893708	0.807906	0.589312	0.000000	0.096908	-0.048649	0.148655	0.892555	0.045374	0.448649	-0.448070	-0.022778	0.893708	0.050770	-0.998710	-0.000000	0.197734	-0.099264	-0.041863	0.893011	-0.447742	0.045374	-0.447162	-0.894163	-0.022778	0.050770	0.000052	-0.998710	0.197734	-0.099264	-0.041863	0.892972	0.046138	0.447742	-0.447142	-0.023161	0.894163	0.051625	-0.998667	-0.000052	0.200410	-0.100608	-0.099786	0.892639	-0.448405	0.046138	-0.447806	-0.893831	-0.023161	0.051625	0.000013	-0.998667	
0.027000	0.000000	0.000000	0.000000	0.893653	0.448759	0.000000	-0.448759	0.893653	0.000000	0.000000	0.000000	1.000000	0.000000	0.000000	0.000000	0.526630	-0.721995	-0.448759	-0.264454	0.362559	-0.893653	0.807914	0.589300	0.000000	0.096900	-0.048659	0.148656	0.892495	0.045480	0.448759	-0.448177	-0.022839	0.893653	0.050893	-0.998704	-0.000000	0.197741	-0.099298	-0.041848	0.892984	-0.447785	0.045480	-0.447202	-0.894142	-0.022839	0.050893	0.000056	-0.998704	0.197741	-0.099298	-0.041848	0.892943	0.046287	0.447785	-0.447181	-0.023243	0.894142	0.051795	-0.998658	-0.000056	0.200426	-0.100646	-0.099770	0.892584	-0.448499	0.046287	-0.447897	-0.893783	-0.023243	0.051795	0.000014	-0.998658	
0.028000	0.000000	0.000000	0.000000	0.893596	0.448873	0.000000	-0.448873	0.893596	0.000000	0.000000	0.000000	1.000000	0.000000	0.000000	0.000000	0.526584	-0.721957	-0.448873	-0.264515	0.362655	-0.893596	0.807924	0.589287	0.000000	0.096892	-0.048671	0.148658	0.892432	0.045590	0.448873	-0.448288	-0.022901	0.893596	0.051019	-0.998698	-0.000000	0.197748	-0.099333	-0.041832	0.892956	-0.447829	0.045590	-0.447243	-0.894119	-0.022901	0.051018	0.000060	-0.998698	0.197748	-0.099333	-0.041832	0.892912	0.046440	0.447829	-0.447221	-0.023327	0.894119	0.051969	-0.998649	-0.000060	0.200441	-0.100686	-0.099754	0.892527	-0.448597	0.046440	-0.447990	-0.893734	-0.023327	0.051969	0.000015	-0.998649	
0.029000	0.000000	0.000000	0.000000	0.893537	0.448990	0.000000	-0.448990	0.893537	0.000000	0.000000	0.000000	1.000000	0.000000	0.000000	0.000000	0.526537	-0.721919	-0.448990	-0.264578	0.362754	-0.893537	0.807934	0.589273	0.000000	0.096883	-0.048682	0.148660	0.892367	0.045702	0.448990	-0.448402	-0.022965	0.893537	0.051147	-0.998691	-0.000000	0.197754	-0.099369	-0.041815	0.892928	-0.447875	0.045702	-0.447285	-0.894096	-0.022965	0.051147	0.000064	-0.998691	0.197754	-0.099369	-0.041815	0.892881	0.046596	0.447875	-0.447262	-0.023413	0.894096	0.052148	-0.998639	-0.000064	0.200457	-0.100727	-0.099736	0.892468	-0.448698	0.046596	-0.448087	-0.893683	-0.023413	0.052148	0.000016	-0.998639	
0.030000	0.000000	0.000000	0.000000	0.893476	0.449111	0.000000	-0.449111	0.893476	0.000000	0.000000	0.000000	1.000000	0.000000	0.000000	0.000000	0.526487	-0.721880	-0.449111	-0.264642	0.362858	-0.893476	0.807946	0.589257	0.000000	0.096874	-0.048694	0.148662	0.892300	0.045816	0.449111	-0.448520	-0.023030	0.893476	0.051279	-0.998684	-0.000000	0.197760	-0.099406	-0.041798	0.892898	-0.447922	0.045816	-0.447329	-0.894073	-0.023030	0.051279	0.000068	-0.998684	0.197760	-0.099406	-0.041798	0.892849	0.046756	0.447922	-0.447305	-0.023501	0.894073	0.052330	-0.998630	-0.000068	0.200472	-0.100769	-0.099719	0.892407	-0.448803	0.046756	-0.448187	-0.893631	-0.023501	0.052330	0.000017	-0.998630	
0.031000	0.000000	0.000000	0.000000	0.893413	0.449236	0.000000	-0.449236	0.893413	0.000000	0.000000	0.000000	1.000000	0.000000	0.000000	0.000000	0.526434	-0.721841	-0.449236	-0.264708	0.362964	-0.893413	0.807958	0.589239	0.000000	0.096864	-0.048706	0.148664	0.892232	0.045933	0.449236	-0.448642	-0.023097	0.893413	0.051413	-0.998677	-0.000000	0.197767	-0.099443	-0.041781	0.892868	-0.447971	0.045933	-0.447375	-0.894048	-0.023097	0.051413	0.000073	-0.998677	0.197767	-0.099443	-0.041781	0.892816	0.046919	0.447971	-0.447349	-0.023591	0.894048	0.052516	-0.998620	-0.000073	0.200488	-0.100812	-0.099701	0.892344	-0.448910	0.046919	-0.448290	-0.893577	-0.023591	0.052516	0.000018	-0.998620	
0.032000	0.000000	0.000000	0.000000	0.893349	0.449364	0.000000	-0.449364	0.893349	0.000000	0.000000	0.000000	1.000000	0.000000	0.000000	0.000000	0.526379	-0.721801	-0.449364	-0.264775	0.363074	-0.893349	0.807972	0.589221	0.000000	0.096854	-0.048719	0.148667	0.892161	0.046053	0.449364	-0.448767	-0.023165	0.893349	0.051550	-0.998670	-0.000000	0.197773	-0.099482	-0.041763	0.892836	-0.448021	0.046053	-0.447421	-0.894023	-0.023165	0.051550	0.000078	-0.998670	0.197773	-0.099482	-0.041763	0.892782	0.047085	0.448021	-0.447394	-0.023683	0.894023	0.052706	-0.998610	-0.000078	0.200504	-0.100855	-0.099682	0.892280	-0.449021	0.047085	-0.448396	-0.893521	-0.023683	0.052706	0.000019	-0.998610	
0.033000	0.000000	0.000000	0.000000	0.893282	0.449496	0.000000	-0.449496	0.893282	0.000000	0.000000	0.000000	1.000000	0.000000	0.000000	0.000000	0.526322	-0.721760	-0.449496	-0.264844	0.363187	-0.893282	0.807987	0.589200	0.000000	0.096843	-0.048731	0.148670	0.892088	0.046174	0.449496	-0.448896	-0.023235	0.893282	0.051691	-0.998663	-0.000000	0.197779	-0.099521	-0.041744	0.892804	-0.448072	0.046174	-0.447469	-0.893997	-0.023235	0.051691	0.000082	-0.998663	0.197779	-0.099521	-0.041744	0.892748	0.047255	0.448072	-0.447441	-0.023776	0.893997	0.052900	-0.998600	-0.000082	0.200519	-0.100901	-0.099663	0.892213	-0.449135	0.047255	-0.448505	-0.893464	-0.023776	0.052900	0.000019	-0.998600	
0.034000	0.000000	0.000000	0.000000	0.893214	0.449632	0.000000	-0.449632	0.893214	0.000000	0.000000	0.000000	1.000000	0.000000	0.000000	0.000000	0.526263	-0.721719	-0.449632	-0.264914	0.363304	-0.893214	0.808003	0.589179	0.000000	0.096832	-0.048744	0.148672	0.892013	0.046299	0.449632	-0.449028	-0.023306	0.893214	0.051834	-0.998656	-0.000000	0.197784	-0.099562	-0.041725	0.892771	-0.448125	0.046299	-0.447519	-0.893971	-0.023306	0.051834	0.000088	-0.998656	0.197784	-0.099562	-0.041725	0.892712	0.047428	0.448125	-0.447489	-0.023872	0.893971	0.053097	-0.998589	-0.000088	0.200535	-0.100947	-0.099643	0.892145	-0.449252	0.047428	-0.448618	-0.893405	-0.023872	0.053097	0.000020	-0.998589	
0.035000	0.000000	0.000000	0.000000	0.893144	0.449771	0.000000	-0.449771	0.893144	0.000000	0.000000	0.000000	1.000000	0.000000	0.000000	0.000000	0.526201	-0.721678	-0.449771	-0.264985	0.363424	-0.893144	0.808020	0.589156	0.000000	0.096821	-0.048757	0.148676	0.891936	0.046425	0.449771	-0.449163	-0.023379	0.893144	0.051980	-0.998648	-0.000000	0.197790	-0.099603	-0.041706	0.892737	-0.448180	0.046425	-0.447569	-0.893943	-0.023379	0.051980	0.000093	-0.998648	0.197790	-0.099603	-0.041706	0.892675	0.047605	0.448180	-0.447538	-0.023970	0.893943	0.053299	-0.998579	-0.000093	0.200551	-0.100994	-0.099623	0.892075	-0.449373	0.047605	-0.448733	-0.893344	-0.023970	0.053299	0.000021	-0.998579	
0.036000	0.000000	0.000000	0.000000	0.893072	0.449914	0.000000	-0.449914	0.893072	0.000000	0.000000	0.000000	1.000000	0.000000	0.000000	0.000000	0.526136	-0.721635	-0.449914	-0.265059	0.363548	-0.893072	0.808037	0.589131	0.000000	0.096809	-0.048771	0.148679	0.891858	0.046554	0.449914	-0.449303	-0.023453	0.893072	0.052128	-0.998640	-0.000000	0.197795	-0.099646	-0.041685	0.892702	-0.448236	0.046554	-0.447622	-0.893916	-0.023453	0.052128	0.000098	-0.998640	0.197795	-0.099646	-0.041685	0.892637	0.047785	0.448236	-0.447589	-0.024070	0.893916	0.053504	-0.998568	-0.000098	0.200567	-0.101042	-0.099602	0.892003	-0.449496	0.047785	-0.448851	-0.893282	-0.024070	0.053504	0.000022	-0.998568	
0.037000	0.000000	0.000000	0.000000	0.892998	0.450061	0.000000	-0.450061	0.892998	0.000000	0.000000	0.000000	1.000000	0.000000	0.000000	0.000000	0.526070	-0.721593	-0.450061	-0.265133	0.363674	-0.892998	0.808056	0.589105	0.000000	0.096797	-0.048784	0.148682	0.891777	0.046686	0.450061	-0.449445	-0.023529	0.892998	0.052280	-0.998632	-0.000000	0.197800	-0.099689	-0.041665	0.892667	-0.448293	0.046686	-0.447675	-0.893887	-0.023529	0.052280	0.000104	-0.998632	0.197800	-0.099689	-0.041665	0.892599	0.047968	0.448293	-0.447641	-0.024172	0.893887	0.053714	-0.998556	-0.000104	0.200582	-0.101091	-0.099581	0.891929	-0.449623	0.047968	-0.448973	-0.893218	-0.024172	0.053714	0.000024	-0.998556	
0.038000	0.000000	0.000000	0.000000	0.892922	0.450211	0.000000	-0.450211	0.892922	0.000000	0.000000	0.000000	1.000000	0.000000	0.000000	0.000000	0.526001	-0.721549	-0.450211	-0.265209	0.363804	-0.892922	0.808076	0.589078	0.000000	0.096784	-0.048798	0.148686	0.891694	0.046820	0.450211	-0.449591	-0.023607	0.892922	0.052435	-0.998624	-0.000000	0.197805	-0.099733	-0.041644	0.892630	-0.448351	0.046820	-0.447729	-0.893857	-0.023607	0.052434	0.000109	-0.998624	0.197805	-0.099733	-0.041644	0.892559	0.048154	0.448351	-0.447694	-0.024276	0.893857	0.053927	-0.998545	-0.000109	0.200598	-0.101141	-0.099559	0.891854	-0.449753	0.048154	-0.449097	-0.893153	-0.024276	0.053927	0.000025	-0.998545	
0.039000	0.000000	0.000000	0.000000	0.892845	0.450364	0.000000	-0.450364	0.892845	0.000000	0.000000	0.000000	1.000000	0.000000	0.000000	0.000000	0.525930	-0.721506	-0.450364	-0.265287	0.363938	-0.892845	0.808097	0.589049	0.000000	0.096771	-0.048813	0.148690	0.891609	0.046956	0.450364	-0.449741	-0.023686	0.892845	0.052592	-0.998616	-0.000000	0.197810	-0.099778	-0.041622	0.892593	-0.448411	0.046956	-0.447785	-0.893827	-0.023686	0.052592	0.000115	-0.998616	0.197810	-0.099778	-0.041622	0.892519	0.048344	0.448411	-0.447748	-0.024381	0.893827	0.054144	-0.998533	-0.000115	0.200614	-0.101192	-0.099537	0.891777	-0.449886	0.048344	-0.449225	-0.893086	-0.024381	0.054144	0.000026	-0.998533	
0.040000	0.000000	0.000000	0.000000	0.892766	0.450521	0.000000	-0.450521	0.892766	0.000000	0.000000	0.000000	1.000000	0.000000	0.000000	0.000000	0.525856	-0.721461	-0.450521	-0.265365	0.364075	-0.892766	0.808119	0.589019	0.000000	0.096758	-0.048827	0.148694	0.891523	0.047095	0.450521	-0.449894	-0.023766	0.892766	0.052752	-0.998608	-0.000000	0.197815	-0.099824	-0.041600	0.892555	-0.448473	0.047095	-0.447843	-0.893796	-0.023766	0.052752	0.000121	-0.998608	0.197815	-0.099824	-0.041600	0.892478	0.048536	0.448473	-0.447804	-0.024489	0.893796	0.054364	-0.998521	-0.000121	0.200630	-0.101245	-0.099514	0.891698	-0.450022	0.048536	-0.449355	-0.893018	-0.024489	0.054364	0.000027	-0.998521	
0.041000	0.000000	0.000000	0.000000	0.892685	0.450681	0.000000	-0.450681	0.892685	0.000000	0.000000	0.000000	1.000000	0.000000	0.000000	0.000000	0.525780	-0.721416	-0.450681	-0.265446	0.364214	-0.892685	0.808142	0.588987	0.000000	0.096744	-0.048842	0.148698	0.891434	0.047236	0.450681	-0.450050	-0.023848	0.892685	0.052915	-0.998599	-0.000000	0.197820	-0.099871	-0.041577	0.892516	-0.448536	0.047236	-0.447901	-0.893765	-0.023848	0.052915	0.000127	-0.998599	0.197820	-0.099871	-0.041577	0.892435	0.048732	0.448536	-0.447861	-0.024599	0.893765	0.054589	-0.998509	-0.000127	0.200646	-0.101298	-0.099491	0.891617	-0.450161	0.048732	-0.449488	-0.892947	-0.024599	0.054589	0.000028	-0.998509	
0.042000	0.000000	0.000000	0.000000	0.892602	0.450845	0.000000	-0.450845	0.892602	0.000000	0.000000	0.000000	1.000000	0.000000	0.000000	0.000000	0.525702	-0.721371	-0.450845	-0.265527	0.364358	-0.892602	0.808166	0.588955	0.000000	0.096729	-0.048857	0.148703	0.891344	0.047380	0.450845	-0.450209	-0.023931	0.892602	0.053081	-0.998590	-0.000000	0.197824	-0.099919	-0.041554	0.892476	-0.448600	0.047380	-0.447961	-0.893733	-0.023931	0.053081	0.000134	-0.998590	0.197824	-0.099919	-0.041554	0.892392	0.048932	0.448600	-0.447919	-0.024710	0.893733	0.054817	-0.998496	-0.000134	0.200662	-0.101352	-0.099467	0.891534	-0.450303	0.048932	-0.449625	-0.892876	-0.024710	0.054817	0.000029	-0.998496	
0.043000	0.000000	0.000000	0.000000	0.892518	0.451012	0.000000	-0.451012	0.892518	0.000000	0.000000	0.000000	1.000000	0.000000	0.000000	0.000000	0.525622	-0.721325	-0.451012	-0.265610	0.364504	-0.892518	0.808191	0.588920	0.000000	0.096714	-0.048872	0.148707	0.891252	0.047526	0.451012	-0.450372	-0.024016	0.892518	0.053249	-0.998581	-0.000000	0.197828	-0.099968	-0.041530	0.892435	-0.448665	0.047526	-0.448022	-0.893700	-0.024016	0.053249	0.000140	-0.998581	0.197828	-0.099968	-0.041530	0.892348	0.049134	0.448665	-0.447978	-0.024824	0.893700	0.055049	-0.998484	-0.000140	0.200678	-0.101408	-0.099442	0.891449	-0.450448	0.049134	-0.449764	-0.892803	-0.024824	0.055049	0.000030	-0.998484	
0.044000	0.000000	0.000000	0.000000	0.892432	0.451183	0.000000	-0.451183	0.892432	0.000000	0.000000	0.000000	1.000000	0.000000	0.000000	0.000000	0.525539	-0.721279	-0.451183	-0.265695	0.364654	-0.892432	0.808217	0.588884	0.000000	0.096699	-0.048888	0.148712	0.891157	0.047674	0.451183	-0.450539	-0.024103	0.892432	0.053421	-0.998572	-0.000000	0.197833	-0.100017	-0.041506	0.892394	-0.448732	0.047674	-0.448084	-0.893666	-0.024103	0.053421	0.000147	-0.998572	0.197833	-0.100017	-0.041506	0.892303	0.049340	0.448732	-0.448039	-0.024939	0.893666	0.055285	-0.998471	-0.000147	0.200694	-0.101464	-0.099417	0.891363	-0.450596	0.049340	-0.449906	-0.892728	-0.024939	0.055285	0.000031	-0.998471	
0.045000	0.000000	0.000000	0.000000	0.892344	0.451357	0.000000	-0.451357	0.892344	0.000000	0.000000	0.000000	1.000000	0.000000	0.000000	0.000000	0.525454	-0.721232	-0.451357	-0.265780	0.364807	-0.892344	0.808244	0.588847	0.000000	0.096684	-0.048904	0.148717	0.891061	0.047825	0.451357	-0.450708	-0.024190	0.892344	0.053595	-0.998563	-0.000000	0.197837	-0.100068	-0.041481	0.892351	-0.448800	0.047825	-0.448148	-0.893632	-0.024190	0.053595	0.000154	-0.998563	0.197837	-0.100068	-0.041481	0.892257	0.049549	0.448800	-0.448100	-0.025056	0.893632	0.055524	-0.998457	-0.000154	0.200710	-0.101521	-0.099392	0.891275	-0.450748	0.049549	-0.450051	-0.892651	-0.025056	0.055524	0.000032	-0.998457	
0.046000	0.000000	0.000000	0.000000	0.892254	0.451534	0.000000	-0.451534	0.892254	0.000000	0.000000	0.000000	1.000000	0.000000	0.000000	0.000000	0.525367	-0.721184	-0.451534	-0.265867	0.364962	-0.892254	0.808272	0.588809	0.000000	0.096668	-0.048920	0.148722	0.890963	0.047978	0.451534	-0.450881	-0.024280	0.892254	0.053772	-0.998553	-0.000000	0.197840	-0.100119	-0.041456	0.892308	-0.448870	0.047978	-0.448213	-0.893597	-0.024280	0.053772	0.000161	-0.998553	0.197840	-0.100119	-0.041456	0.892211	0.049761	0.448870	-0.448163	-0.025176	0.893597	0.055767	-0.998444	-0.000161	0.200727	-0.101579	-0.099366	0.891185	-0.450902	0.049761	-0.450198	-0.892574	-0.025176	0.055767	0.000034	-0.998444	
0.047000	0.000000	0.000000	0.000000	0.892162	0.451715	0.000000	-0.451715	0.892162	0.000000	0.000000	0.000000	1.000000	0.000000	0.000000	0.000000	0.525278	-0.721136	-0.451715	-0.265956	0.365122	-0.892162	0.808301	0.588769	0.000000	0.096651	-0.048936	0.148727	0.890863	0.048134	0.451715	-0.451057	-0.024371	0.892162	0.053952	-0.998544	-0.000000	0.197844	-0.100171	-0.041430	0.892264	-0.448941	0.048134	-0.448279	-0.893562	-0.024371	0.053952	0.000168	-0.998544	0.197844	-0.100171	-0.041430	0.892163	0.049977	0.448941	-0.448227	-0.025297	0.893562	0.056014	-0.998430	-0.000168	0.200743	-0.101639	-0.099339	0.891094	-0.451059	0.049977	-0.450349	-0.892494	-0.025297	0.056014	0.000035	-0.998430	
0.048000	0.000000	0.000000	0.000000	0.892069	0.451899	0.000000	-0.451899	0.892069	0.000000	0.000000	0.000000	1.000000	0.000000	0.000000	0.000000	0.525186	-0.721088	-0.451899	-0.266045	0.365284	-0.892069	0.808331	0.588728	0.000000	0.096634	-0.048952	0.148733	0.890761	0.048292	0.451899	-0.451236	-0.024463	0.892069	0.054134	-0.998534	-0.000000	0.197848	-0.100224	-0.041404	0.892219	-0.449013	0.048292	-0.448346	-0.893525	-0.024463	0.054134	0.000175	-0.998534	0.197848	-0.100224	-0.041404	0.892114	0.050195	0.449013	-0.448293	-0.025420	0.893525	0.056264	-0.998416	-0.000175	0.200759	-0.101699	-0.099312	0.891001	-0.451219	0.050195	-0.450502	-0.892413	-0.025420	0.056265	0.000036	-0.998416	
0.049000	0.000000	0.000000	0.000000	0.891974	0.452086	0.000000	-0.452086	0.891974	0.000000	0.000000	0.000000	1.000000	0.000000	0.000000	0.000000	0.525092	-0.721039	-0.452086	-0.266136	0.365449	-0.891974	0.808362	0.588685	0.000000	0.096617	-0.048969	0.148739	0.890658	0.048452	0.452086	-0.451418	-0.024557	0.891974	0.054320	-0.998524	-0.000000	0.197851	-0.100278	-0.041377	0.892174	-0.449086	0.048452	-0.448414	-0.893488	-0.024557	0.054319	0.000183	-0.998524	0.197851	-0.100278	-0.041377	0.892065	0.050417	0.449086	-0.448359	-0.025545	0.893488	0.056518	-0.998402	-0.000183	0.200775	-0.101760	-0.099284	0.890906	-0.451381	0.050417	-0.450658	-0.892331	-0.025545	0.056519	0.000037	-0.998402	
0.050000	0.000000	0.000000	0.000000	0.891878	0.452276	0.000000	-0.452276	0.891878	0.000000	0.000000	0.000000	1.000000	0.000000	0.000000	0.000000	0.524996	-0.720989	-0.452276	-0.266228	0.365618	-0.891878	0.808394	0.588641	0.000000	0.096599	-0.048986	0.148745	0.890552	0.048614	0.452276	-0.451604	-0.024653	0.891878	0.054508	-0.998513	-0.000000	0.197855	-0.100333	-0.041350	0.892127	-0.449161	0.048614	-0.448484	-0.893451	-0.024653	0.054507	0.000191	-0.998513	0.197855	-0.100333	-0.041350	0.892015	0.050641	0.449161	-0.448427	-0.025672	0.893451	0.056776	-0.998387	-0.000191	0.200792	-0.101822	-0.099256	0.890809	-0.451547	0.050641	-0.450817	-0.892247	-0.025672	0.056777	0.000039	-0.998387	
0.051000	0.000000	0.000000	0.000000	0.891780	0.452470	0.000000	-0.452470	0.891780	0.000000	0.000000	0.000000	1.000000	0.000000	0.000000	0.000000	0.524898	-0.720939	-0.452470	-0.266322	0.365789	-0.891780	0.808427	0.588596	0.000000	0.096581	-0.049003	0.148751	0.890445	0.048779	0.452470	-0.451793	-0.024749	0.891780	0.054699	-0.998503	-0.000000	0.197858	-0.100389	-0.041322	0.892080	-0.449237	0.048779	-0.448555	-0.893413	-0.024749	0.054698	0.000198	-0.998503	0.197858	-0.100389	-0.041322	0.891963	0.050869	0.449237	-0.448495	-0.025800	0.893413	0.057038	-0.998372	-0.000198	0.200808	-0.101885	-0.099228	0.890710	-0.451716	0.050869	-0.450978	-0.892162	-0.025800	0.057038	0.000040	-0.998372	
0.052000	0.000000	0.000000	0.000000	0.891680	0.452667	0.000000	-0.452667	0.891680	0.000000	0.000000	0.000000	1.000000	0.000000	0.000000	0.000000	0.524797	-0.720889	-0.452667	-0.266417	0.365964	-0.891680	0.808461	0.588549	0.000000	0.096563	-0.049021	0.148757	0.890335	0.048946	0.452667	-0.451984	-0.024848	0.891680	0.054892	-0.998492	-0.000000	0.197861	-0.100445	-0.041294	0.892032	-0.449314	0.048946	-0.448627	-0.893374	-0.024848	0.054892	0.000207	-0.998492	0.197861	-0.100445	-0.041294	0.891911	0.051100	0.449314	-0.448565	-0.025931	0.893374	0.057303	-0.998357	-0.000207	0.200824	-0.101949	-0.099198	0.890610	-0.451887	0.051100	-0.451143	-0.892075	-0.025931	0.057303	0.000041	-0.998357	
0.053000	0.000000	0.000000	0.000000	0.891578	0.452867	0.000000	-0.452867	0.891578	0.000000	0.000000	0.000000	1.000000	0.000000	0.000000	0.000000	0.524695	-0.720838	-0.452867	-0.266513	0.366141	-0.891578	0.808496	0.588501	0.000000	0.096544	-0.049038	0.148763	0.890224	0.049116	0.452867	-0.452179	-0.024948	0.891578	0.055088	-0.998481	-0.000000	0.197864	-0.100503	-0.041265	0.891983	-0.449393	0.049116	-0.448700	-0.893334	-0.024948	0.055088	0.000215	-0.998481	0.197864	-0.100503	-0.041265	0.891858	0.051334	0.449393	-0.448636	-0.026064	0.893334	0.057571	-0.998341	-0.000215	0.200841	-0.102014	-0.099169	0.890508	-0.452061	0.051334	-0.451310	-0.891987	-0.026064	0.057572	0.000042	-0.998341	
0.054000	0.000000	0.000000	0.000000	0.891475	0.453070	0.000000	-0.453070	0.891475	0.000000	0.000000	0.000000	1.000000	0.000000	0.000000	0.000000	0.524590	-0.720786	-0.453070	-0.266610	0.366322	-0.891475	0.808532	0.588452	0.000000	0.096525	-0.049056	0.148770	0.890111	0.049287	0.453070	-0.452377	-0.025049	0.891475	0.055288	-0.998470	-0.000000	0.197866	-0.100561	-0.041236	0.891933	-0.449473	0.049287	-0.448774	-0.893294	-0.025049	0.055287	0.000223	-0.998470	0.197866	-0.100561	-0.041236	0.891804	0.051571	0.449473	-0.448709	-0.026198	0.893294	0.057843	-0.998326	-0.000223	0.200857	-0.102080	-0.099139	0.890405	-0.452239	0.051571	-0.451479	-0.891897	-0.026198	0.057844	0.000044	-0.998326	
0.055000	0.000000	0.000000	0.000000	0.891370	0.453277	0.000000	-0.453277	0.891370	0.000000	0.000000	0.000000	1.000000	0.000000	0.000000	0.000000	0.524483	-0.720734	-0.453277	-0.266708	0.366506	-0.891370	0.808569	0.588401	0.000000	0.096505	-0.049074	0.148777	0.889997	0.049462	0.453277	-0.452578	-0.025152	0.891370	0.055489	-0.998459	-0.000000	0.197869	-0.100620	-0.041206	0.891883	-0.449554	0.049462	-0.448850	-0.893253	-0.025152	0.055489	0.000232	-0.998459	0.197869	-0.100620	-0.041206	0.891749	0.051811	0.449554	-0.448782	-0.026334	0.893253	0.058119	-0.998310	-0.000232	0.200874	-0.102147	-0.099108	0.890300	-0.452418	0.051811	-0.451651	-0.891806	-0.026334	0.058120	0.000045	-0.998310	
0.056000	0.000000	0.000000	0.000000	0.891263	0.453486	0.000000	-0.453486	0.891263	0.000000	0.000000	0.000000	1.000000	0.000000	0.000000	0.000000	0.524374	-0.720682	-0.453486	-0.266808	0.366692	-0.891263	0.808607	0.588349	0.000000	0.096485	-0.049093	0.148784	0.889880	0.049638	0.453486	-0.452782	-0.025256	0.891263	0.055694	-0.998448	-0.000000	0.197871	-0.100680	-0.041176	0.891832	-0.449636	0.049638	-0.448926	-0.893212	-0.025256	0.055693	0.000241	-0.998448	0.197871	-0.100680	-0.041176	0.891694	0.052054	0.449636	-0.448856	-0.026473	0.893212	0.058398	-0.998293	-0.000241	0.200891	-0.102215	-0.099077	0.890193	-0.452601	0.052054	-0.451826	-0.891713	-0.026473	0.058399	0.000046	-0.998293	
0.057000	0.000000	0.000000	0.000000	0.891155	0.453699	0.000000	-0.453699	0.891155	0.000000	0.000000	0.000000	1.000000	0.000000	0.000000	0.000000	0.524263	-0.720629	-0.453699	-0.266909	0.366882	-0.891155	0.808646	0.588296	0.000000	0.096464	-0.049111	0.148791	0.889762	0.049817	0.453699	-0.452989	-0.025362	0.891155	0.055901	-0.998436	-0.000000	0.197874	-0.100740	-0.041145	0.891779	-0.449720	0.049817	-0.449004	-0.893170	-0.025362	0.055901	0.000250	-0.998436	0.197874	-0.100740	-0.041145	0.891637	0.052300	0.449720	-0.448932	-0.026613	0.893170	0.058681	-0.998277	-0.000250	0.200907	-0.102284	-0.099045	0.890084	-0.452786	0.052300	-0.452004	-0.891619	-0.026613	0.058682	0.000048	-0.998277	
