# time	B0_r_i(1)	B0_r_i(2)	B0_r_i(3)	0_A_i(1,1)	0_A_i(1,2)	0_A_i(1,3)	0_A_i(2,1)	...
0.000000	0.000000	0.000000	0.000000	0.894447	0.447173	0.000000	-0.447173	0.894447	0.000000	0.000000	0.000000	1.000000	0.000000	0.000000	0.000000	0.526908	-0.722775	-0.447173	-0.263424	0.361347	-0.894447	0.808069	0.589088	0.000000	0.096951	-0.048470	0.148685	0.893390	0.043490	0.447173	-0.446644	-0.021742	0.894447	0.048622	-0.998817	-0.000000	0.197494	-0.098736	-0.042075	0.893390	-0.447173	0.043490	-0.446644	-0.894447	-0.021742	0.048622	0.000000	-0.998817	0.197494	-0.098736	-0.042075	0.893390	0.043490	0.447173	-0.446644	-0.021742	0.894447	0.048622	-0.998817	-0.000000	0.200017	-0.099997	-0.100007	0.893390	-0.447173	0.043490	-0.446644	-0.894447	-0.021742	0.048622	0.000000	-0.998817	
0.001000	0.000000	0.000000	0.000000	0.894447	0.447173	0.000000	-0.447173	0.894447	0.000000	0.000000	0.000000	1.000000	0.000000	0.000000	0.000000	0.526908	-0.722775	-0.447173	-0.263424	0.361347	-0.894447	0.808069	0.589088	0.000000	0.096951	-0.048470	0.148685	0.893390	0.043490	0.447173	-0.446644	-0.021742	0.894447	0.048622	-0.998817	-0.000000	0.197494	-0.098736	-0.042075	0.893390	-0.447173	0.043490	-0.446644	-0.894447	-0.021742	0.048622	0.000000	-0.998817	0.197494	-0.098736	-0.042075	0.893390	0.043490	0.447173	-0.446644	-0.021742	0.894447	0.048622	-0.998817	-0.000000	0.200017	-0.099997	-0.100007	0.893390	-0.447173	0.043490	-0.446644	-0.894447	-0.021742	0.048622	0.000000	-0.998817	
0.002000	0.000000	0.000000	0.000000	0.894447	0.447173	0.000000	-0.447173	0.894447	0.000000	0.000000	0.000000	1.000000	0.000000	0.000000	0.000000	0.526908	-0.722775	-0.447173	-0.263424	0.361347	-0.894447	0.808069	0.589088	0.000000	0.096951	-0.048470	0.148685	0.893390	0.043490	0.447173	-0.446644	-0.021742	0.894447	0.048622	-0.998817	-0.000000	0.197494	-0.098736	-0.042075	0.893390	-0.447173	0.043490	-0.446644	-0.894447	-0.021742	0.048622	0.000000	-0.998817	0.197494	-0.098736	-0.042075	0.893390	0.043490	0.447173	-0.446644	-0.021742	0.894447	0.048622	-0.998817	-0.000000	0.200017	-0.099997	-0.100007	0.893390	-0.447173	0.043490	-0.446644	-0.894447	-0.021742	0.048622	0.000000	-0.998817	
0.003000	0.000000	0.000000	0.000000	0.894446	0.447175	0.000000	-0.447175	0.894446	0.000000	0.000000	0.000000	1.000000	0.000000	0.000000	0.000000	0.526931	-0.722757	-0.447175	-0.263437	0.361340	-0.894446	0.808049	0.589115	0.000000	0.096955	-0.048472	0.148681	0.893387	0.043526	0.447175	-0.446645	-0.021761	0.894446	0.048663	-0.998815	-0.000000	0.197505	-0.098742	-0.042074	0.893387	-0.447175	0.043526	-0.446645	-0.894446	-0.021761	0.048663	0.000000	-0.998815	0.197505	-0.098742	-0.042074	0.893387	0.043526	0.447175	-0.446645	-0.021761	0.894446	0.048663	-0.998815	-0.000000	0.200030	-0.100004	-0.100006	0.893387	-0.447175	0.043526	-0.446645	-0.894446	-0.021761	0.048663	0.000000	-0.998815	
0.004000	0.000000	0.000000	0.000000	0.894443	0.447181	0.000000	-0.447181	0.894443	0.000000	0.000000	0.000000	1.000000	0.000000	0.000000	0.000000	0.526952	-0.722738	-0.447181	-0.263452	0.361336	-0.894443	0.808031	0.589140	0.000000	0.096959	-0.048475	0.148678	0.893382	0.043565	0.447181	-0.446650	-0.021781	0.894443	0.048707	-0.998813	-0.000000	0.197516	-0.098749	-0.042073	0.893382	-0.447181	0.043565	-0.446650	-0.894443	-0.021781	0.048707	0.000000	-0.998813	0.197516	-0.098749	-0.042073	0.893382	0.043565	0.447181	-0.446650	-0.021781	0.894443	0.048707	-0.998813	-0.000000	0.200043	-0.100013	-0.100004	0.893382	-0.447181	0.043565	-0.446650	-0.894443	-0.021781	0.048707	0.000000	-0.998813	
0.005000	0.000000	0.000000	0.000000	0.894438	0.447191	0.000000	-0.447191	0.894438	0.000000	0.000000	0.000000	1.000000	0.000000	0.000000	0.000000	0.526970	-0.722719	-0.447191	-0.263468	0.361337	-0.894438	0.808014	0.589163	0.000000	0.096962	-0.048478	0.148675	0.893375	0.043607	0.447191	-0.446659	-0.021802	0.894438	0.048753	-0.998811	-0.000000	0.197527	-0.098757	-0.042071	0.893375	-0.447191	0.043607	-0.446659	-0.894439	-0.021802	0.048753	0.000000	-0.998811	0.197527	-0.098757	-0.042071	0.893375	0.043607	0.447191	-0.446659	-0.021802	0.894439	0.048753	-0.998811	-0.000000	0.200056	-0.100022	-0.100002	0.893375	-0.447191	0.043607	-0.446659	-0.894439	-0.021802	0.048753	0.000000	-0.998811	
0.006000	0.000000	0.000000	0.000000	0.894432	0.447205	0.000000	-0.447205	0.894432	0.000000	0.000000	0.000000	1.000000	0.000000	0.000000	0.000000	0.526985	-0.722700	-0.447205	-0.263486	0.361341	-0.894432	0.807999	0.589184	0.000000	0.096965	-0.048481	0.148672	0.893366	0.043651	0.447205	-0.446672	-0.021825	0.894432	0.048803	-0.998808	-0.000000	0.197538	-0.098766	-0.042068	0.893366	-0.447204	0.043651	-0.446672	-0.894432	-0.021825	0.048803	0.000000	-0.998808	0.197538	-0.098766	-0.042068	0.893366	0.043651	0.447204	-0.446672	-0.021825	0.894432	0.048803	-0.998808	-0.000000	0.200069	-0.100032	-0.099999	0.893366	-0.447204	0.043651	-0.446672	-0.894432	-0.021825	0.048803	0.000000	-0.998808	
0.007000	0.000000	0.000000	0.000000	0.894423	0.447222	0.000000	-0.447222	0.894423	0.000000	0.000000	0.000000	1.000000	0.000000	0.000000	0.000000	0.526998	-0.722680	-0.447222	-0.263505	0.361348	-0.894423	0.807984	0.589204	0.000000	0.096968	-0.048485	0.148669	0.893355	0.043697	0.447222	-0.446688	-0.021849	0.894423	0.048855	-0.998806	-0.000000	0.197548	-0.098776	-0.042065	0.893355	-0.447222	0.043697	-0.446688	-0.894423	-0.021849	0.048855	0.000000	-0.998806	0.197548	-0.098776	-0.042065	0.893355	0.043697	0.447222	-0.446688	-0.021849	0.894423	0.048855	-0.998806	-0.000000	0.200082	-0.100043	-0.099995	0.893355	-0.447222	0.043697	-0.446688	-0.894423	-0.021849	0.048855	0.000000	-0.998806	
0.008000	0.000000	0.000000	0.000000	0.894412	0.447243	0.000000	-0.447243	0.894412	0.000000	0.000000	0.000000	1.000000	0.000000	0.000000	0.000000	0.527007	-0.722659	-0.447243	-0.263526	0.361360	-0.894412	0.807971	0.589222	0.000000	0.096969	-0.048489	0.148667	0.893342	0.043746	0.447243	-0.446708	-0.021875	0.894412	0.048911	-0.998803	-0.000000	0.197558	-0.098787	-0.042061	0.893342	-0.447243	0.043746	-0.446708	-0.894413	-0.021875	0.048911	0.000000	-0.998803	0.197558	-0.098787	-0.042061	0.893342	0.043746	0.447243	-0.446708	-0.021875	0.894413	0.048911	-0.998803	-0.000000	0.200095	-0.100056	-0.099991	0.893342	-0.447243	0.043746	-0.446708	-0.894413	-0.021875	0.048911	0.000000	-0.998803	
0.009000	0.000000	0.000000	0.000000	0.894400	0.447268	0.000000	-0.447268	0.894400	0.000000	0.000000	0.000000	1.000000	0.000000	0.000000	0.000000	0.527015	-0.722639	-0.447268	-0.263547	0.361375	-0.894400	0.807959	0.589238	0.000000	0.096971	-0.048493	0.148665	0.893327	0.043798	0.447268	-0.446732	-0.021902	0.894400	0.048969	-0.998800	-0.000000	0.197568	-0.098799	-0.042057	0.893327	-0.447268	0.043798	-0.446731	-0.894400	-0.021902	0.048969	0.000000	-0.998800	0.197568	-0.098799	-0.042057	0.893327	0.043798	0.447268	-0.446731	-0.021902	0.894400	0.048969	-0.998800	-0.000000	0.200108	-0.100069	-0.099987	0.893327	-0.447268	0.043798	-0.446731	-0.894400	-0.021902	0.048969	0.000000	-0.998800	
0.010000	0.000000	0.000000	0.000000	0.894386	0.447297	0.000000	-0.447297	0.894386	0.000000	0.000000	0.000000	1.000000	0.000000	0.000000	0.000000	0.527019	-0.722618	-0.447297	-0.263571	0.361393	-0.894386	0.807949	0.589253	0.000000	0.096971	-0.048497	0.148663	0.893310	0.043852	0.447297	-0.446759	-0.021931	0.894386	0.049030	-0.998797	-0.000000	0.197577	-0.098812	-0.042052	0.893310	-0.447296	0.043852	-0.446758	-0.894386	-0.021931	0.049030	0.000000	-0.998797	0.197577	-0.098812	-0.042052	0.893310	0.043852	0.447296	-0.446758	-0.021931	0.894386	0.049030	-0.998797	-0.000000	0.200121	-0.100084	-0.099982	0.893310	-0.447296	0.043852	-0.446758	-0.894386	-0.021931	0.049030	0.000000	-0.998797	
0.011000	0.000000	0.000000	0.000000	0.894369	0.447329	0.000000	-0.447329	0.894369	0.000000	0.000000	0.000000	1.000000	0.000000	0.000000	0.000000	0.527021	-0.722596	-0.447329	-0.263596	0.361415	-0.894369	0.807940	0.589265	0.000000	0.096972	-0.048502	0.148661	0.893291	0.043908	0.447329	-0.446790	-0.021961	0.894369	0.049094	-0.998794	-0.000000	0.197587	-0.098825	-0.042046	0.893291	-0.447328	0.043908	-0.446789	-0.894370	-0.021961	0.049094	0.000000	-0.998794	0.197587	-0.098825	-0.042046	0.893291	0.043908	0.447328	-0.446789	-0.021961	0.894370	0.049094	-0.998794	-0.000000	0.200133	-0.100099	-0.099976	0.893291	-0.447328	0.043908	-0.446789	-0.894370	-0.021961	0.049094	0.000000	-0.998794	
0.012000	0.000000	0.000000	0.000000	0.894351	0.447365	0.000000	-0.447365	0.894351	0.000000	0.000000	0.000000	1.000000	0.000000	0.000000	0.000000	0.527020	-0.722575	-0.447365	-0.263622	0.361441	-0.894351	0.807932	0.589276	0.000000	0.096972	-0.048506	0.148659	0.893270	0.043967	0.447365	-0.446824	-0.021993	0.894351	0.049160	-0.998791	-0.000000	0.197596	-0.098840	-0.042040	0.893271	-0.447364	0.043967	-0.446823	-0.894352	-0.021993	0.049160	0.000000	-0.998791	0.197596	-0.098840	-0.042040	0.893271	0.043967	0.447364	-0.446823	-0.021993	0.894352	0.049160	-0.998791	-0.000000	0.200146	-0.100115	-0.099970	0.893271	-0.447364	0.043967	-0.446823	-0.894352	-0.021993	0.049160	0.000000	-0.998791	
0.013000	0.000000	0.000000	0.000000	0.894331	0.447405	0.000000	-0.447405	0.894331	0.000000	0.000000	0.000000	1.000000	0.000000	0.000000	0.000000	0.527016	-0.722553	-0.447405	-0.263649	0.361470	-0.894331	0.807925	0.589285	0.000000	0.096971	-0.048511	0.148658	0.893247	0.044028	0.447405	-0.446863	-0.022026	0.894331	0.049230	-0.998787	-0.000000	0.197605	-0.098855	-0.042033	0.893248	-0.447403	0.044028	-0.446861	-0.894332	-0.022026	0.049230	0.000000	-0.998787	0.197605	-0.098855	-0.042033	0.893248	0.044028	0.447403	-0.446861	-0.022026	0.894332	0.049230	-0.998787	-0.000000	0.200158	-0.100133	-0.099963	0.893248	-0.447403	0.044028	-0.446861	-0.894332	-0.022026	0.049230	0.000000	-0.998787	
0.014000	0.000000	0.000000	0.000000	0.894310	0.447449	0.000000	-0.447449	0.894310	0.000000	0.000000	0.000000	1.000000	0.000000	0.000000	0.000000	0.527010	-0.722530	-0.447449	-0.263678	0.361502	-0.894310	0.807920	0.589293	0.000000	0.096970	-0.048517	0.148657	0.893222	0.044091	0.447449	-0.446904	-0.022060	0.894310	0.049302	-0.998784	-0.000000	0.197614	-0.098872	-0.042026	0.893223	-0.447447	0.044091	-0.446902	-0.894311	-0.022060	0.049302	0.000000	-0.998784	0.197614	-0.098872	-0.042026	0.893223	0.044091	0.447447	-0.446902	-0.022060	0.894311	0.049302	-0.998784	-0.000000	0.200171	-0.100151	-0.099956	0.893223	-0.447447	0.044091	-0.446902	-0.894311	-0.022060	0.049302	0.000000	-0.998784	
0.015000	0.000000	0.000000	0.000000	0.894286	0.447496	0.000000	-0.447496	0.894286	0.000000	0.000000	0.000000	1.000000	0.000000	0.000000	0.000000	0.527001	-0.722508	-0.447496	-0.263708	0.361539	-0.894286	0.807915	0.589298	0.000000	0.096968	-0.048522	0.148656	0.893195	0.044157	0.447496	-0.446950	-0.022096	0.894286	0.049377	-0.998780	-0.000000	0.197622	-0.098889	-0.042019	0.893196	-0.447493	0.044157	-0.446947	-0.894287	-0.022096	0.049377	0.000000	-0.998780	0.197622	-0.098889	-0.042019	0.893196	0.044157	0.447493	-0.446947	-0.022096	0.894287	0.049377	-0.998780	-0.000000	0.200183	-0.100171	-0.099948	0.893196	-0.447493	0.044157	-0.446947	-0.894287	-0.022096	0.049377	0.000000	-0.998780	
0.016000	0.000000	0.000000	0.000000	0.894261	0.447546	0.000000	-0.447546	0.894261	0.000000	0.000000	0.000000	1.000000	0.000000	0.000000	0.000000	0.526990	-0.722485	-0.447546	-0.263740	0.361578	-0.894261	0.807913	0.589302	0.000000	0.096966	-0.048528	0.148656	0.893166	0.044226	0.447546	-0.446999	-0.022133	0.894261	0.049455	-0.998776	-0.000000	0.197631	-0.098907	-0.042010	0.893168	-0.447544	0.044226	-0.446996	-0.894262	-0.022133	0.049455	0.000000	-0.998776	0.197631	-0.098907	-0.042010	0.893168	0.044225	0.447544	-0.446996	-0.022133	0.894262	0.049455	-0.998776	-0.000000	0.200196	-0.100191	-0.099939	0.893168	-0.447544	0.044225	-0.446996	-0.894262	-0.022133	0.049455	0.000000	-0.998776	
0.017000	0.000000	0.000000	0.000000	0.894234	0.447601	0.000000	-0.447601	0.894234	0.000000	0.000000	0.000000	1.000000	0.000000	0.000000	0.000000	0.526976	-0.722461	-0.447601	-0.263773	0.361622	-0.894234	0.807911	0.589304	0.000000	0.096964	-0.048534	0.148656	0.893136	0.044296	0.447601	-0.447051	-0.022172	0.894234	0.049536	-0.998772	-0.000000	0.197639	-0.098926	-0.042002	0.893137	-0.447598	0.044296	-0.447048	-0.894235	-0.022172	0.049536	0.000000	-0.998772	0.197639	-0.098926	-0.042002	0.893137	0.044296	0.447598	-0.447048	-0.022172	0.894235	0.049535	-0.998772	-0.000000	0.200208	-0.100212	-0.099930	0.893137	-0.447598	0.044296	-0.447048	-0.894235	-0.022172	0.049535	0.000000	-0.998772	
0.018000	0.000000	0.000000	0.000000	0.894205	0.447659	0.000000	-0.447659	0.894205	0.000000	0.000000	0.000000	1.000000	0.000000	0.000000	0.000000	0.526959	-0.722437	-0.447659	-0.263807	0.361668	-0.894205	0.807911	0.589305	0.000000	0.096960	-0.048541	0.148656	0.893103	0.044369	0.447659	-0.447107	-0.022212	0.894205	0.049619	-0.998768	-0.000000	0.197647	-0.098946	-0.041992	0.893105	-0.447655	0.044369	-0.447104	-0.894206	-0.022212	0.049619	0.000000	-0.998768	0.197647	-0.098946	-0.041992	0.893105	0.044369	0.447655	-0.447104	-0.022212	0.894206	0.049619	-0.998768	-0.000000	0.200220	-0.100235	-0.099921	0.893105	-0.447655	0.044369	-0.447104	-0.894206	-0.022212	0.049619	0.000000	-0.998768	
0.019000	0.000000	0.000000	0.000000	0.894174	0.447720	0.000000	-0.447720	0.894174	0.000000	0.000000	0.000000	1.000000	0.000000	0.000000	0.000000	0.526940	-0.722413	-0.447720	-0.263843	0.361718	-0.894174	0.807912	0.589304	0.000000	0.096957	-0.048547	0.148656	0.893069	0.044445	0.447720	-0.447167	-0.022254	0.894174	0.049705	-0.998764	-0.000000	0.197654	-0.098967	-0.041982	0.893071	-0.447716	0.044445	-0.447163	-0.894176	-0.022254	0.049705	0.000000	-0.998764	0.197654	-0.098967	-0.041982	0.893071	0.044445	0.447716	-0.447163	-0.022254	0.894176	0.049705	-0.998764	-0.000000	0.200232	-0.100258	-0.099911	0.893071	-0.447716	0.044445	-0.447163	-0.894176	-0.022254	0.049705	0.000000	-0.998764	
0.020000	0.000000	0.000000	0.000000	0.894141	0.447785	0.000000	-0.447785	0.894141	0.000000	0.000000	0.000000	1.000000	0.000000	0.000000	0.000000	0.526918	-0.722389	-0.447785	-0.263880	0.361772	-0.894141	0.807914	0.589301	0.000000	0.096953	-0.048554	0.148656	0.893032	0.044523	0.447785	-0.447230	-0.022297	0.894141	0.049794	-0.998760	-0.000000	0.197662	-0.098989	-0.041972	0.893034	-0.447781	0.044523	-0.447225	-0.894144	-0.022297	0.049794	0.000000	-0.998760	0.197662	-0.098989	-0.041972	0.893034	0.044523	0.447781	-0.447225	-0.022297	0.894144	0.049794	-0.998760	-0.000000	0.200244	-0.100282	-0.099900	0.893034	-0.447781	0.044523	-0.447225	-0.894144	-0.022297	0.049794	0.000000	-0.998760	
0.021000	0.000000	0.000000	0.000000	0.894107	0.447854	0.000000	-0.447854	0.894107	0.000000	0.000000	0.000000	1.000000	0.000000	0.000000	0.000000	0.526894	-0.722364	-0.447854	-0.263918	0.361829	-0.894107	0.807917	0.589296	0.000000	0.096948	-0.048561	0.148657	0.892994	0.044603	0.447854	-0.447296	-0.022342	0.894107	0.049886	-0.998755	-0.000000	0.197669	-0.099011	-0.041961	0.892996	-0.447849	0.044603	-0.447291	-0.894109	-0.022342	0.049886	0.000000	-0.998755	0.197669	-0.099011	-0.041961	0.892996	0.044603	0.447849	-0.447291	-0.022341	0.894109	0.049886	-0.998755	-0.000000	0.200256	-0.100307	-0.099889	0.892996	-0.447849	0.044603	-0.447291	-0.894109	-0.022341	0.049886	0.000000	-0.998755	
0.022000	0.000000	0.000000	0.000000	0.894071	0.447926	0.000000	-0.447926	0.894071	0.000000	0.000000	0.000000	1.000000	0.000000	0.000000	0.000000	0.526867	-0.722339	-0.447926	-0.263958	0.361889	-0.894071	0.807922	0.589290	0.000000	0.096943	-0.048568	0.148658	0.892953	0.044686	0.447926	-0.447366	-0.022387	0.894071	0.049980	-0.998750	-0.000000	0.197676	-0.099035	-0.041949	0.892956	-0.447920	0.044686	-0.447360	-0.894074	-0.022387	0.049980	0.000000	-0.998750	0.197676	-0.099035	-0.041949	0.892956	0.044686	0.447920	-0.447360	-0.022387	0.894074	0.049980	-0.998750	-0.000000	0.200268	-0.100333	-0.099877	0.892956	-0.447920	0.044686	-0.447360	-0.894074	-0.022387	0.049980	0.000000	-0.998750	
0.023000	0.000000	0.000000	0.000000	0.894033	0.448001	0.000000	-0.448001	0.894033	0.000000	0.000000	0.000000	1.000000	0.000000	0.000000	0.000000	0.526837	-0.722314	-0.448001	-0.263999	0.361953	-0.894033	0.807928	0.589282	0.000000	0.096938	-0.048576	0.148659	0.892911	0.044771	0.448001	-0.447439	-0.022435	0.894033	0.050077	-0.998745	-0.000000	0.197683	-0.099059	-0.041937	0.892914	-0.447995	0.044771	-0.447433	-0.894036	-0.022435	0.050077	0.000000	-0.998745	0.197683	-0.099059	-0.041937	0.892914	0.044771	0.447995	-0.447433	-0.022435	0.894036	0.050077	-0.998745	-0.000000	0.200280	-0.100360	-0.099865	0.892914	-0.447995	0.044771	-0.447433	-0.894036	-0.022435	0.050077	0.000000	-0.998745	
0.024000	0.000000	0.000000	0.000000	0.893993	0.448081	0.000000	-0.448081	0.893993	0.000000	0.000000	0.000000	1.000000	0.000000	0.000000	0.000000	0.526805	-0.722288	-0.448081	-0.264041	0.362020	-0.893993	0.807935	0.589272	0.000000	0.096932	-0.048584	0.148660	0.892867	0.044858	0.448081	-0.447516	-0.022483	0.893993	0.050177	-0.998740	-0.000000	0.197690	-0.099085	-0.041925	0.892871	-0.448074	0.044858	-0.447509	-0.893997	-0.022483	0.050177	0.000000	-0.998740	0.197690	-0.099085	-0.041925	0.892871	0.044858	0.448074	-0.447509	-0.022483	0.893997	0.050177	-0.998740	-0.000000	0.200291	-0.100389	-0.099852	0.892871	-0.448074	0.044858	-0.447509	-0.893997	-0.022483	0.050177	0.000000	-0.998740	
0.025000	0.000000	0.000000	0.000000	0.893952	0.448163	0.000000	-0.448163	0.893952	0.000000	0.000000	0.000000	1.000000	0.000000	0.000000	0.000000	0.526770	-0.722262	-0.448163	-0.264085	0.362090	-0.893952	0.807943	0.589260	0.000000	0.096926	-0.048592	0.148662	0.892821	0.044948	0.448163	-0.447596	-0.022534	0.893952	0.050280	-0.998735	-0.000000	0.197696	-0.099111	-0.041912	0.892825	-0.448155	0.044948	-0.447589	-0.893956	-0.022534	0.050280	0.000000	-0.998735	0.197696	-0.099111	-0.041912	0.892825	0.044947	0.448155	-0.447589	-0.022533	0.893956	0.050280	-0.998735	-0.000000	0.200303	-0.100418	-0.099838	0.892825	-0.448155	0.044947	-0.447589	-0.893956	-0.022533	0.050280	0.000000	-0.998735	
0.026000	0.000000	0.000000	0.000000	0.893909	0.448249	0.000000	-0.448249	0.893909	0.000000	0.000000	0.000000	1.000000	0.000000	0.000000	0.000000	0.526733	-0.722236	-0.448249	-0.264130	0.362164	-0.893909	0.807953	0.589247	0.000000	0.096919	-0.048600	0.148663	0.892773	0.045040	0.448249	-0.447680	-0.022585	0.893909	0.050385	-0.998730	-0.000000	0.197702	-0.099138	-0.041898	0.892778	-0.448241	0.045040	-0.447671	-0.893913	-0.022585	0.050385	0.000000	-0.998730	0.197702	-0.099138	-0.041898	0.892778	0.045039	0.448241	-0.447671	-0.022585	0.893913	0.050385	-0.998730	-0.000000	0.200315	-0.100447	-0.099824	0.892778	-0.448241	0.045039	-0.447671	-0.893913	-0.022585	0.050385	0.000000	-0.998730	
0.027000	0.000000	0.000000	0.000000	0.893864	0.448339	0.000000	-0.448339	0.893864	0.000000	0.000000	0.000000	1.000000	0.000000	0.000000	0.000000	0.526693	-0.722209	-0.448339	-0.264176	0.362241	-0.893864	0.807964	0.589232	0.000000	0.096912	-0.048608	0.148665	0.892724	0.045134	0.448339	-0.447767	-0.022638	0.893864	0.050493	-0.998724	-0.000000	0.197708	-0.099165	-0.041884	0.892728	-0.448329	0.045134	-0.447757	-0.893868	-0.022638	0.050493	0.000001	-0.998724	0.197708	-0.099165	-0.041884	0.892728	0.045134	0.448329	-0.447757	-0.022638	0.893868	0.050493	-0.998724	-0.000001	0.200326	-0.100478	-0.099810	0.892728	-0.448329	0.045134	-0.447757	-0.893868	-0.022638	0.050493	0.000001	-0.998724	
0.028000	0.000000	0.000000	0.000000	0.893817	0.448431	0.000000	-0.448431	0.893817	0.000000	0.000000	0.000000	1.000000	0.000000	0.000000	0.000000	0.526651	-0.722183	-0.448431	-0.264223	0.362322	-0.893817	0.807976	0.589216	0.000000	0.096904	-0.048617	0.148668	0.892672	0.045231	0.448431	-0.447857	-0.022692	0.893817	0.050604	-0.998719	-0.000000	0.197714	-0.099194	-0.041869	0.892677	-0.448421	0.045231	-0.447847	-0.893822	-0.022692	0.050604	0.000001	-0.998719	0.197714	-0.099194	-0.041869	0.892677	0.045230	0.448421	-0.447847	-0.022692	0.893822	0.050604	-0.998719	-0.000001	0.200338	-0.100510	-0.099795	0.892677	-0.448421	0.045230	-0.447847	-0.893822	-0.022692	0.050604	0.000001	-0.998719	
0.029000	0.000000	0.000000	0.000000	0.893769	0.448528	0.000000	-0.448528	0.893769	0.000000	0.000000	0.000000	1.000000	0.000000	0.000000	0.000000	0.526606	-0.722156	-0.448528	-0.264271	0.362405	-0.893769	0.807989	0.589198	0.000000	0.096896	-0.048626	0.148670	0.892619	0.045330	0.448528	-0.447950	-0.022748	0.893769	0.050717	-0.998713	-0.000000	0.197720	-0.099223	-0.041854	0.892624	-0.448517	0.045330	-0.447940	-0.893774	-0.022748	0.050717	0.000001	-0.998713	0.197720	-0.099223	-0.041854	0.892624	0.045329	0.448517	-0.447940	-0.022748	0.893774	0.050717	-0.998713	-0.000001	0.200349	-0.100543	-0.099779	0.892624	-0.448517	0.045329	-0.447940	-0.893774	-0.022748	0.050717	0.000001	-0.998713	
0.030000	0.000000	0.000000	0.000000	0.893719	0.448627	0.000000	-0.448627	0.893719	0.000000	0.000000	0.000000	1.000000	0.000000	0.000000	0.000000	0.526559	-0.722128	-0.448627	-0.264321	0.362492	-0.893719	0.808004	0.589178	0.000000	0.096887	-0.048635	0.148673	0.892564	0.045431	0.448627	-0.448047	-0.022805	0.893719	0.050833	-0.998707	-0.000000	0.197725	-0.099254	-0.041838	0.892569	-0.448616	0.045431	-0.448036	-0.893725	-0.022805	0.050833	0.000001	-0.998707	0.197725	-0.099254	-0.041838	0.892569	0.045430	0.448616	-0.448036	-0.022805	0.893725	0.050833	-0.998707	-0.000001	0.200360	-0.100576	-0.099763	0.892569	-0.448616	0.045430	-0.448036	-0.893725	-0.022805	0.050833	0.000001	-0.998707	
0.031000	0.000000	0.000000	0.000000	0.893667	0.448730	0.000000	-0.448730	0.893667	0.000000	0.000000	0.000000	1.000000	0.000000	0.000000	0.000000	0.526510	-0.722100	-0.448730	-0.264372	0.362583	-0.893667	0.808019	0.589156	0.000000	0.096878	-0.048644	0.148676	0.892506	0.045534	0.448730	-0.448147	-0.022864	0.893667	0.050952	-0.998701	-0.000000	0.197731	-0.099285	-0.041822	0.892513	-0.448718	0.045534	-0.448135	-0.893674	-0.022864	0.050952	0.000001	-0.998701	0.197731	-0.099285	-0.041822	0.892513	0.045534	0.448718	-0.448135	-0.022864	0.893674	0.050952	-0.998701	-0.000001	0.200372	-0.100611	-0.099746	0.892513	-0.448718	0.045534	-0.448135	-0.893674	-0.022864	0.050952	0.000001	-0.998701	
0.032000	0.000000	0.000000	0.000000	0.893614	0.448836	0.000000	-0.448836	0.893614	0.000000	0.000000	0.000000	1.000000	0.000000	0.000000	0.000000	0.526457	-0.722072	-0.448836	-0.264424	0.362676	-0.893614	0.808036	0.589133	0.000000	0.096868	-0.048654	0.148679	0.892448	0.045640	0.448836	-0.448251	-0.022924	0.893614	0.051074	-0.998695	-0.000000	0.197736	-0.099317	-0.041805	0.892454	-0.448823	0.045640	-0.448237	-0.893621	-0.022924	0.051074	0.000001	-0.998695	0.197736	-0.099317	-0.041805	0.892454	0.045640	0.448823	-0.448237	-0.022923	0.893621	0.051073	-0.998695	-0.000001	0.200383	-0.100647	-0.099729	0.892454	-0.448823	0.045640	-0.448237	-0.893621	-0.022923	0.051073	0.000001	-0.998695	
0.033000	0.000000	0.000000	0.000000	0.893559	0.448946	0.000000	-0.448946	0.893559	0.000000	0.000000	0.000000	1.000000	0.000000	0.000000	0.000000	0.526403	-0.722044	-0.448946	-0.264478	0.362773	-0.893559	0.808054	0.589108	0.000000	0.096858	-0.048664	0.148682	0.892387	0.045748	0.448946	-0.448357	-0.022985	0.893559	0.051198	-0.998689	-0.000000	0.197741	-0.099350	-0.041788	0.892394	-0.448932	0.045748	-0.448343	-0.893566	-0.022985	0.051198	0.000001	-0.998689	0.197741	-0.099350	-0.041788	0.892394	0.045748	0.448932	-0.448343	-0.022985	0.893566	0.051197	-0.998689	-0.000001	0.200394	-0.100683	-0.099712	0.892394	-0.448932	0.045748	-0.448343	-0.893566	-0.022985	0.051197	0.000001	-0.998689	
0.034000	0.000000	0.000000	0.000000	0.893502	0.449059	0.000000	-0.449059	0.893502	0.000000	0.000000	0.000000	1.000000	0.000000	0.000000	0.000000	0.526346	-0.722016	-0.449059	-0.264532	0.362873	-0.893502	0.808074	0.589081	0.000000	0.096848	-0.048674	0.148686	0.892325	0.045859	0.449059	-0.448467	-0.023048	0.893502	0.051325	-0.998682	-0.000000	0.197745	-0.099383	-0.041770	0.892332	-0.449043	0.045859	-0.448452	-0.893510	-0.023048	0.051325	0.000001	-0.998682	0.197745	-0.099383	-0.041770	0.892332	0.045858	0.449043	-0.448452	-0.023047	0.893510	0.051324	-0.998682	-0.000001	0.200405	-0.100720	-0.099693	0.892332	-0.449043	0.045858	-0.448452	-0.893510	-0.023047	0.051324	0.000001	-0.998682	
0.035000	0.000000	0.000000	0.000000	0.893444	0.449175	0.000000	-0.449175	0.893444	0.000000	0.000000	0.000000	1.000000	0.000000	0.000000	0.000000	0.526286	-0.721987	-0.449175	-0.264588	0.362976	-0.893444	0.808094	0.589053	0.000000	0.096837	-0.048684	0.148689	0.892260	0.045971	0.449175	-0.448580	-0.023112	0.893444	0.051454	-0.998675	-0.000000	0.197750	-0.099418	-0.041751	0.892269	-0.449159	0.045971	-0.448564	-0.893452	-0.023112	0.051454	0.000001	-0.998675	0.197750	-0.099418	-0.041751	0.892269	0.045970	0.449159	-0.448564	-0.023111	0.893452	0.051453	-0.998675	-0.000001	0.200416	-0.100758	-0.099674	0.892269	-0.449159	0.045970	-0.448564	-0.893452	-0.023111	0.051453	0.000001	-0.998675	
0.036000	0.000000	0.000000	0.000000	0.893384	0.449295	0.000000	-0.449295	0.893384	0.000000	0.000000	0.000000	1.000000	0.000000	0.000000	0.000000	0.526224	-0.721958	-0.449295	-0.264645	0.363082	-0.893384	0.808116	0.589023	0.000000	0.096825	-0.048695	0.148693	0.892194	0.046086	0.449295	-0.448696	-0.023177	0.893384	0.051586	-0.998669	-0.000000	0.197754	-0.099453	-0.041732	0.892203	-0.449277	0.046086	-0.448679	-0.893393	-0.023177	0.051586	0.000001	-0.998669	0.197754	-0.099453	-0.041732	0.892203	0.046085	0.449277	-0.448679	-0.023177	0.893393	0.051585	-0.998669	-0.000001	0.200427	-0.100797	-0.099655	0.892203	-0.449277	0.046085	-0.448679	-0.893393	-0.023177	0.051585	0.000001	-0.998669	
0.037000	0.000000	0.000000	0.000000	0.893322	0.449417	0.000000	-0.449417	0.893322	0.000000	0.000000	0.000000	1.000000	0.000000	0.000000	0.000000	0.526160	-0.721928	-0.449417	-0.264703	0.363191	-0.893322	0.808139	0.588992	0.000000	0.096813	-0.048705	0.148698	0.892126	0.046203	0.449417	-0.448816	-0.023244	0.893322	0.051721	-0.998662	-0.000000	0.197758	-0.099489	-0.041713	0.892136	-0.449398	0.046203	-0.448797	-0.893331	-0.023244	0.051721	0.000001	-0.998662	0.197758	-0.099489	-0.041713	0.892136	0.046202	0.449398	-0.448797	-0.023244	0.893331	0.051720	-0.998662	-0.000001	0.200438	-0.100837	-0.099635	0.892136	-0.449398	0.046202	-0.448797	-0.893331	-0.023244	0.051720	0.000001	-0.998662	
0.038000	0.000000	0.000000	0.000000	0.893259	0.449543	0.000000	-0.449543	0.893259	0.000000	0.000000	0.000000	1.000000	0.000000	0.000000	0.000000	0.526093	-0.721899	-0.449543	-0.264762	0.363304	-0.893259	0.808163	0.588959	0.000000	0.096801	-0.048716	0.148702	0.892057	0.046322	0.449543	-0.448938	-0.023312	0.893259	0.051858	-0.998654	-0.000000	0.197762	-0.099526	-0.041693	0.892067	-0.449523	0.046322	-0.448918	-0.893269	-0.023312	0.051858	0.000001	-0.998654	0.197762	-0.099526	-0.041693	0.892067	0.046322	0.449523	-0.448918	-0.023312	0.893269	0.051857	-0.998655	-0.000001	0.200449	-0.100878	-0.099615	0.892067	-0.449523	0.046322	-0.448918	-0.893269	-0.023312	0.051857	0.000001	-0.998655	
0.039000	0.000000	0.000000	0.000000	0.893194	0.449672	0.000000	-0.449672	0.893194	0.000000	0.000000	0.000000	1.000000	0.000000	0.000000	0.000000	0.526023	-0.721869	-0.449672	-0.264823	0.363420	-0.893194	0.808188	0.588924	0.000000	0.096788	-0.048727	0.148707	0.891985	0.046444	0.449672	-0.449064	-0.023382	0.893194	0.051998	-0.998647	-0.000000	0.197766	-0.099564	-0.041672	0.891996	-0.449651	0.046444	-0.449043	-0.893204	-0.023382	0.051998	0.000001	-0.998647	0.197766	-0.099564	-0.041672	0.891996	0.046443	0.449651	-0.449043	-0.023381	0.893204	0.051997	-0.998647	-0.000001	0.200460	-0.100920	-0.099594	0.891996	-0.449651	0.046443	-0.449043	-0.893204	-0.023381	0.051997	0.000001	-0.998647	
0.040000	0.000000	0.000000	0.000000	0.893127	0.449804	0.000000	-0.449804	0.893127	0.000000	0.000000	0.000000	1.000000	0.000000	0.000000	0.000000	0.525952	-0.721839	-0.449804	-0.264884	0.363538	-0.893127	0.808215	0.588888	0.000000	0.096775	-0.048739	0.148712	0.891912	0.046568	0.449804	-0.449192	-0.023453	0.893127	0.052140	-0.998640	-0.000000	0.197769	-0.099602	-0.041651	0.891923	-0.449782	0.046568	-0.449170	-0.893138	-0.023453	0.052140	0.000001	-0.998640	0.197769	-0.099602	-0.041651	0.891924	0.046567	0.449782	-0.449170	-0.023452	0.893138	0.052139	-0.998640	-0.000001	0.200470	-0.100963	-0.099573	0.891924	-0.449782	0.046567	-0.449170	-0.893138	-0.023452	0.052139	0.000001	-0.998640	
0.041000	0.000000	0.000000	0.000000	0.893059	0.449940	0.000000	-0.449940	0.893059	0.000000	0.000000	0.000000	1.000000	0.000000	0.000000	0.000000	0.525878	-0.721808	-0.449940	-0.264947	0.363660	-0.893059	0.808242	0.588850	0.000000	0.096761	-0.048750	0.148717	0.891837	0.046694	0.449940	-0.449324	-0.023525	0.893059	0.052285	-0.998632	-0.000000	0.197773	-0.099642	-0.041630	0.891849	-0.449916	0.046694	-0.449301	-0.893071	-0.023525	0.052285	0.000001	-0.998632	0.197773	-0.099642	-0.041630	0.891849	0.046693	0.449916	-0.449301	-0.023525	0.893071	0.052284	-0.998632	-0.000001	0.200481	-0.101006	-0.099551	0.891849	-0.449916	0.046693	-0.449301	-0.893071	-0.023525	0.052284	0.000001	-0.998632	
0.042000	0.000000	0.000000	0.000000	0.892989	0.450078	0.000000	-0.450078	0.892989	0.000000	0.000000	0.000000	1.000000	0.000000	0.000000	0.000000	0.525801	-0.721777	-0.450078	-0.265011	0.363785	-0.892989	0.808271	0.588810	0.000000	0.096747	-0.048762	0.148722	0.891761	0.046822	0.450078	-0.449459	-0.023599	0.892989	0.052433	-0.998624	-0.000000	0.197776	-0.099682	-0.041608	0.891773	-0.450053	0.046822	-0.449434	-0.893002	-0.023599	0.052433	0.000001	-0.998624	0.197776	-0.099682	-0.041608	0.891773	0.046821	0.450053	-0.449434	-0.023598	0.893002	0.052431	-0.998625	-0.000001	0.200491	-0.101050	-0.099528	0.891773	-0.450053	0.046821	-0.449434	-0.893002	-0.023598	0.052431	0.000001	-0.998625	
0.043000	0.000000	0.000000	0.000000	0.892918	0.450220	0.000000	-0.450220	0.892918	0.000000	0.000000	0.000000	1.000000	0.000000	0.000000	0.000000	0.525722	-0.721746	-0.450220	-0.265076	0.363913	-0.892918	0.808301	0.588769	0.000000	0.096733	-0.048774	0.148727	0.891682	0.046952	0.450220	-0.449597	-0.023674	0.892918	0.052583	-0.998617	-0.000000	0.197779	-0.099722	-0.041585	0.891696	-0.450194	0.046952	-0.449571	-0.892931	-0.023674	0.052583	0.000002	-0.998617	0.197779	-0.099722	-0.041585	0.891696	0.046951	0.450194	-0.449571	-0.023673	0.892931	0.052582	-0.998617	-0.000002	0.200502	-0.101096	-0.099505	0.891696	-0.450194	0.046951	-0.449571	-0.892931	-0.023673	0.052582	0.000002	-0.998617	
0.044000	0.000000	0.000000	0.000000	0.892845	0.450365	0.000000	-0.450365	0.892845	0.000000	0.000000	0.000000	1.000000	0.000000	0.000000	0.000000	0.525641	-0.721715	-0.450365	-0.265142	0.364044	-0.892845	0.808332	0.588726	0.000000	0.096718	-0.048786	0.148733	0.891602	0.047085	0.450365	-0.449738	-0.023750	0.892845	0.052736	-0.998609	-0.000000	0.197782	-0.099764	-0.041562	0.891616	-0.450337	0.047085	-0.449710	-0.892859	-0.023750	0.052736	0.000002	-0.998609	0.197782	-0.099764	-0.041562	0.891616	0.047083	0.450337	-0.449711	-0.023750	0.892859	0.052734	-0.998609	-0.000002	0.200513	-0.101142	-0.099482	0.891616	-0.450337	0.047083	-0.449711	-0.892859	-0.023750	0.052734	0.000002	-0.998609	
0.045000	0.000000	0.000000	0.000000	0.892770	0.450512	0.000000	-0.450512	0.892770	0.000000	0.000000	0.000000	1.000000	0.000000	0.000000	0.000000	0.525558	-0.721684	-0.450512	-0.265209	0.364178	-0.892770	0.808365	0.588682	0.000000	0.096703	-0.048798	0.148739	0.891521	0.047220	0.450512	-0.449882	-0.023828	0.892770	0.052891	-0.998600	-0.000000	0.197784	-0.099807	-0.041539	0.891535	-0.450484	0.047220	-0.449853	-0.892785	-0.023828	0.052891	0.000002	-0.998600	0.197784	-0.099807	-0.041539	0.891535	0.047218	0.450484	-0.449853	-0.023827	0.892785	0.052889	-0.998600	-0.000002	0.200523	-0.101189	-0.099458	0.891535	-0.450484	0.047218	-0.449853	-0.892785	-0.023827	0.052889	0.000002	-0.998600	
0.046000	0.000000	0.000000	0.000000	0.892694	0.450663	0.000000	-0.450663	0.892694	0.000000	0.000000	0.000000	1.000000	0.000000	0.000000	0.000000	0.525472	-0.721652	-0.450663	-0.265277	0.364315	-0.892694	0.808398	0.588636	0.000000	0.096687	-0.048811	0.148745	0.891437	0.047356	0.450663	-0.450029	-0.023907	0.892694	0.053049	-0.998592	-0.000000	0.197787	-0.099850	-0.041515	0.891452	-0.450633	0.047356	-0.449998	-0.892709	-0.023907	0.053049	0.000002	-0.998592	0.197787	-0.099850	-0.041515	0.891452	0.047355	0.450633	-0.449999	-0.023906	0.892709	0.053047	-0.998592	-0.000002	0.200533	-0.101236	-0.099433	0.891452	-0.450633	0.047355	-0.449999	-0.892709	-0.023906	0.053047	0.000002	-0.998592	
0.047000	0.000000	0.000000	0.000000	0.892616	0.450817	0.000000	-0.450817	0.892616	0.000000	0.000000	0.000000	1.000000	0.000000	0.000000	0.000000	0.525384	-0.721620	-0.450817	-0.265346	0.364455	-0.892616	0.808433	0.588589	0.000000	0.096671	-0.048824	0.148752	0.891352	0.047496	0.450817	-0.450179	-0.023988	0.892616	0.053209	-0.998583	-0.000000	0.197789	-0.099894	-0.041490	0.891368	-0.450786	0.047496	-0.450147	-0.892632	-0.023988	0.053209	0.000002	-0.998583	0.197789	-0.099894	-0.041490	0.891368	0.047494	0.450786	-0.450147	-0.023987	0.892632	0.053207	-0.998583	-0.000002	0.200544	-0.101285	-0.099408	0.891368	-0.450786	0.047494	-0.450147	-0.892632	-0.023987	0.053207	0.000002	-0.998583	
0.048000	0.000000	0.000000	0.000000	0.892537	0.450974	0.000000	-0.450974	0.892537	0.000000	0.000000	0.000000	1.000000	0.000000	0.000000	0.000000	0.525293	-0.721588	-0.450974	-0.265416	0.364598	-0.892537	0.808468	0.588539	0.000000	0.096654	-0.048837	0.148758	0.891265	0.047637	0.450974	-0.450331	-0.024070	0.892537	0.053372	-0.998575	-0.000000	0.197791	-0.099938	-0.041465	0.891282	-0.450941	0.047637	-0.450298	-0.892554	-0.024070	0.053372	0.000002	-0.998575	0.197791	-0.099938	-0.041465	0.891282	0.047635	0.450941	-0.450298	-0.024069	0.892554	0.053370	-0.998575	-0.000002	0.200554	-0.101334	-0.099382	0.891282	-0.450941	0.047635	-0.450298	-0.892554	-0.024069	0.053370	0.000002	-0.998575	
0.049000	0.000000	0.000000	0.000000	0.892456	0.451134	0.000000	-0.451134	0.892456	0.000000	0.000000	0.000000	1.000000	0.000000	0.000000	0.000000	0.525200	-0.721556	-0.451134	-0.265487	0.364744	-0.892456	0.808505	0.588489	0.000000	0.096637	-0.048850	0.148765	0.891176	0.047780	0.451134	-0.450487	-0.024153	0.892456	0.053538	-0.998566	-0.000000	0.197793	-0.099984	-0.041440	0.891194	-0.451099	0.047780	-0.450452	-0.892474	-0.024153	0.053538	0.000002	-0.998566	0.197793	-0.099984	-0.041440	0.891194	0.047778	0.451099	-0.450452	-0.024152	0.892474	0.053536	-0.998566	-0.000002	0.200564	-0.101385	-0.099356	0.891194	-0.451099	0.047778	-0.450452	-0.892474	-0.024152	0.053536	0.000002	-0.998566	
0.050000	0.000000	0.000000	0.000000	0.892374	0.451297	0.000000	-0.451297	0.892374	0.000000	0.000000	0.000000	1.000000	0.000000	0.000000	0.000000	0.525105	-0.721523	-0.451297	-0.265560	0.364893	-0.892374	0.808543	0.588437	0.000000	0.096619	-0.048863	0.148772	0.891086	0.047926	0.451297	-0.450646	-0.024237	0.892374	0.053706	-0.998557	-0.000000	0.197795	-0.100030	-0.041413	0.891104	-0.451261	0.047926	-0.450609	-0.892392	-0.024237	0.053706	0.000002	-0.998557	0.197795	-0.100030	-0.041413	0.891104	0.047924	0.451261	-0.450609	-0.024236	0.892392	0.053703	-0.998557	-0.000002	0.200574	-0.101436	-0.099330	0.891104	-0.451261	0.047924	-0.450609	-0.892392	-0.024236	0.053703	0.000002	-0.998557	
0.051000	0.000000	0.000000	0.000000	0.892290	0.451463	0.000000	-0.451463	0.892290	0.000000	0.000000	0.000000	1.000000	0.000000	0.000000	0.000000	0.525008	-0.721490	-0.451463	-0.265633	0.365045	-0.892290	0.808583	0.588383	0.000000	0.096601	-0.048876	0.148779	0.890994	0.048073	0.451463	-0.450807	-0.024323	0.892290	0.053876	-0.998548	-0.000000	0.197796	-0.100077	-0.041387	0.891013	-0.451425	0.048073	-0.450769	-0.892309	-0.024323	0.053876	0.000002	-0.998548	0.197796	-0.100077	-0.041387	0.891013	0.048071	0.451425	-0.450769	-0.024322	0.892309	0.053874	-0.998548	-0.000002	0.200584	-0.101488	-0.099303	0.891013	-0.451425	0.048071	-0.450769	-0.892309	-0.024322	0.053874	0.000002	-0.998548	
0.052000	0.000000	0.000000	0.000000	0.892204	0.451632	0.000000	-0.451632	0.892204	0.000000	0.000000	0.000000	1.000000	0.000000	0.000000	0.000000	0.524908	-0.721457	-0.451632	-0.265707	0.365200	-0.892204	0.808623	0.588327	0.000000	0.096583	-0.048890	0.148787	0.890900	0.048223	0.451632	-0.450972	-0.024410	0.892204	0.054049	-0.998538	-0.000000	0.197797	-0.100125	-0.041360	0.890920	-0.451592	0.048223	-0.450932	-0.892224	-0.024410	0.054049	0.000002	-0.998538	0.197797	-0.100125	-0.041360	0.890920	0.048221	0.451592	-0.450932	-0.024409	0.892224	0.054047	-0.998538	-0.000002	0.200594	-0.101540	-0.099275	0.890920	-0.451592	0.048221	-0.450932	-0.892224	-0.024409	0.054047	0.000002	-0.998538	
0.053000	0.000000	0.000000	0.000000	0.892117	0.451804	0.000000	-0.451804	0.892117	0.000000	0.000000	0.000000	1.000000	0.000000	0.000000	0.000000	0.524806	-0.721424	-0.451804	-0.265783	0.365357	-0.892117	0.808664	0.588270	0.000000	0.096564	-0.048904	0.148794	0.890805	0.048375	0.451804	-0.451139	-0.024499	0.892117	0.054224	-0.998529	-0.000000	0.197799	-0.100173	-0.041332	0.890826	-0.451762	0.048375	-0.451098	-0.892138	-0.024499	0.054224	0.000003	-0.998529	0.197799	-0.100173	-0.041332	0.890826	0.048372	0.451762	-0.451098	-0.024498	0.892138	0.054222	-0.998529	-0.000003	0.200604	-0.101594	-0.099247	0.890826	-0.451762	0.048372	-0.451098	-0.892138	-0.024498	0.054222	0.000003	-0.998529	
0.054000	0.000000	0.000000	0.000000	0.892029	0.451978	0.000000	-0.451978	0.892029	0.000000	0.000000	0.000000	1.000000	0.000000	0.000000	0.000000	0.524702	-0.721390	-0.451978	-0.265859	0.365518	-0.892029	0.808707	0.588212	0.000000	0.096545	-0.048918	0.148802	0.890708	0.048529	0.451978	-0.451309	-0.024589	0.892029	0.054402	-0.998519	-0.000000	0.197800	-0.100222	-0.041304	0.890730	-0.451935	0.048529	-0.451266	-0.892051	-0.024589	0.054402	0.000003	-0.998519	0.197800	-0.100222	-0.041304	0.890730	0.048526	0.451935	-0.451266	-0.024587	0.892051	0.054400	-0.998519	-0.000003	0.200614	-0.101648	-0.099218	0.890730	-0.451935	0.048526	-0.451266	-0.892051	-0.024587	0.054400	0.000003	-0.998519	
0.055000	0.000000	0.000000	0.000000	0.891939	0.452156	0.000000	-0.452156	0.891939	0.000000	0.000000	0.000000	1.000000	0.000000	0.000000	0.000000	0.524596	-0.721356	-0.452156	-0.265936	0.365681	-0.891939	0.808751	0.588152	0.000000	0.096526	-0.048932	0.148810	0.890609	0.048684	0.452156	-0.451482	-0.024680	0.891939	0.054583	-0.998509	-0.000000	0.197800	-0.100272	-0.041276	0.890632	-0.452111	0.048684	-0.451437	-0.891962	-0.024680	0.054583	0.000003	-0.998509	0.197800	-0.100272	-0.041276	0.890632	0.048682	0.452111	-0.451437	-0.024679	0.891962	0.054580	-0.998509	-0.000003	0.200624	-0.101704	-0.099189	0.890632	-0.452111	0.048682	-0.451437	-0.891962	-0.024679	0.054580	0.000003	-0.998509	
0.056000	0.000000	0.000000	0.000000	0.891847	0.452336	0.000000	-0.452336	0.891847	0.000000	0.000000	0.000000	1.000000	0.000000	0.000000	0.000000	0.524487	-0.721322	-0.452336	-0.266015	0.365847	-0.891847	0.808795	0.588090	0.000000	0.096506	-0.048947	0.148818	0.890509	0.048843	0.452336	-0.451657	-0.024772	0.891847	0.054766	-0.998499	-0.000000	0.197801	-0.100323	-0.041247	0.890533	-0.452290	0.048843	-0.451611	-0.891871	-0.024772	0.054766	0.000003	-0.998499	0.197801	-0.100323	-0.041247	0.890533	0.048840	0.452290	-0.451611	-0.024771	0.891871	0.054763	-0.998499	-0.000003	0.200634	-0.101760	-0.099160	0.890533	-0.452290	0.048840	-0.451611	-0.891871	-0.024771	0.054763	0.000003	-0.998499	
0.057000	0.000000	0.000000	0.000000	0.891755	0.452519	0.000000	-0.452519	0.891755	0.000000	0.000000	0.000000	1.000000	0.000000	0.000000	0.000000	0.524376	-0.721288	-0.452519	-0.266094	0.366016	-0.891755	0.808841	0.588027	0.000000	0.096485	-0.048961	0.148827	0.890407	0.049003	0.452519	-0.451836	-0.024866	0.891755	0.054951	-0.998489	-0.000000	0.197802	-0.100374	-0.041217	0.890432	-0.452471	0.049003	-0.451787	-0.891779	-0.024866	0.054951	0.000003	-0.998489	0.197802	-0.100374	-0.041217	0.890432	0.049000	0.452471	-0.451787	-0.024865	0.891779	0.054948	-0.998489	-0.000003	0.200644	-0.101816	-0.099130	0.890432	-0.452471	0.049000	-0.451787	-0.891779	-0.024865	0.054948	0.000003	-0.998489	
